SCHOOL_ID,NAME_OF_SCHOOL,"Elementary, Middle, or High School",STREET_ADDRESS,CITY,STATE,ZIP_CODE,PHONE_NUMBER,LINK,NETWORK_MANAGER,COLLABORATIVE_NAME,ADEQUATE_YEARLY_PROGRESS_MADE_,TRACK_SCHEDULE,CPS_PERFORMANCE_POLICY_STATUS,CPS_PERFORMANCE_POLICY_LEVEL,HEALTHY_SCHOOL_CERTIFIED,SAFETY_ICON,SAFETY_SCORE,FAMILY_INVOLVEMENT_ICON,FAMILY_INVOLVEMENT_SCORE,ENVIRONMENT_ICON,ENVIRONMENT_SCORE,INSTRUCTION_ICON,INSTRUCTION_SCORE,LEADERS_ICON,LEADERS_SCORE,TEACHERS_ICON,TEACHERS_SCORE,PARENT_ENGAGEMENT_ICON,PARENT_ENGAGEMENT_SCORE,PARENT_ENVIRONMENT_ICON,PARENT_ENVIRONMENT_SCORE,AVERAGE_STUDENT_ATTENDANCE,RATE_OF_MISCONDUCTS__PER_100_STUDENTS_,AVERAGE_TEACHER_ATTENDANCE,INDIVIDUALIZED_EDUCATION_PROGRAM_COMPLIANCE_RATE,PK_2_LITERACY__,PK_2_MATH__,GR3_5_GRADE_LEVEL_MATH__,GR3_5_GRADE_LEVEL_READ__,GR3_5_KEEP_PACE_READ__,GR3_5_KEEP_PACE_MATH__,GR6_8_GRADE_LEVEL_MATH__,GR6_8_GRADE_LEVEL_READ__,GR6_8_KEEP_PACE_MATH_,GR6_8_KEEP_PACE_READ__,GR_8_EXPLORE_MATH__,GR_8_EXPLORE_READ__,ISAT_EXCEEDING_MATH__,ISAT_EXCEEDING_READING__,ISAT_VALUE_ADD_MATH,ISAT_VALUE_ADD_READ,ISAT_VALUE_ADD_COLOR_MATH,ISAT_VALUE_ADD_COLOR_READ,STUDENTS_TAKING__ALGEBRA__,STUDENTS_PASSING__ALGEBRA__,9th Grade EXPLORE (2009),9th Grade EXPLORE (2010),10th Grade PLAN (2009),10th Grade PLAN (2010),NET_CHANGE_EXPLORE_AND_PLAN,11th Grade Average ACT (2011),NET_CHANGE_PLAN_AND_ACT,COLLEGE_ELIGIBILITY__,GRADUATION_RATE__,COLLEGE_ENROLLMENT_RATE__,COLLEGE_ENROLLMENT,GENERAL_SERVICES_ROUTE,FRESHMAN_ON_TRACK_RATE__,X_COORDINATE,Y_COORDINATE,LATITUDE,LONGITUDE,COMMUNITY_AREA_NUMBER,COMMUNITY_AREA_NAME,WARD,POLICE_DISTRICT,LOCATION
610038,Abraham Lincoln Elementary School,ES,615 W Kemper Pl,Chicago,IL,60614,(773) 534-5720,http://schoolreports.cps.edu/SchoolProgressReport_Eng/Spring2011Eng_610038.pdf,Fullerton Elementary Network,NORTH-NORTHWEST SIDE COLLABORATIVE,No,Standard,Not on Probation,Level 1,Yes,Very Strong,99,Very Strong,99,Strong,74,Strong,66,Weak,65,Strong,70,Strong,56,Average,47,96.00%,2.0,96.40%,95.80%,80.1,43.3,89.6,84.9,60.7,62.6,81.9,85.2,52,62.4,66.3,77.9,69.7,64.4,0.2,0.9,Yellow,Green,67.1,54.5,NDA,NDA,NDA,NDA,NDA,NDA,NDA,NDA,NDA,NDA,813,33,NDA,1171699.458,1915829.428,41.92449696,"'-87.64452163",7,LINCOLN PARK,43,18,"(41.92449696, -87.64452163)"
610281,Adam Clayton Powell Paideia Community Academy Elementary School,ES,7511 S South Shore Dr,Chicago,IL,60649,(773) 535-6650,http://schoolreports.cps.edu/SchoolProgressReport_Eng/Spring2011Eng_610281.pdf,Skyway Elementary Network,SOUTH SIDE COLLABORATIVE,No,Track_E,Not on Probation,Level 1,No,Average,54,Strong,66,Strong,74,Very Strong,84,Weak,63,Strong,76,Weak,46,Average,50,95.60%,15.7,95.30%,100.00%,62.4,51.7,21.9,15.1,29,42.8,38.5,27.4,44.8,42.7,14.1,34.4,16.8,16.5,0.7,1.4,Green,Green,17.2,27.3,NDA,NDA,NDA,NDA,NDA,NDA,NDA,NDA,NDA,NDA,521,46,NDA,1196129.985,1856209.466,41.76032435,"'-87.55673627",43,SOUTH SHORE,7,4,"(41.76032435, -87.55673627)"
610185,Adlai E Stevenson Elementary School,ES,8010 S Kostner Ave,Chicago,IL,60652,(773) 535-2280,http://schoolreports.cps.edu/SchoolProgressReport_Eng/Spring2011Eng_610185.pdf,Midway Elementary Network,SOUTHWEST SIDE COLLABORATIVE,No,Standard,Not on Probation,Level 2,No,Strong,61,NDA,NDA,Average,50,Weak,36,Weak,NDA,NDA,NDA,Average,47,Weak,41,95.70%,2.3,94.70%,98.30%,53.7,26.6,38.3,34.7,43.7,57.3,48.8,39.2,46.8,44,7.5,21.9,18.3,15.5,"'-0.9","'-1.0",Red,Red,NDA,NDA,NDA,NDA,NDA,NDA,NDA,NDA,NDA,NDA,NDA,NDA,1324,44,NDA,1148427.165,1851012.215,41.74711093,"'-87.73170248",70,ASHBURN,13,8,"(41.74711093, -87.73170248)"
609993,Agustin Lara Elementary Academy,ES,4619 S Wolcott Ave,Chicago,IL,60609,(773) 535-4389,http://schoolreports.cps.edu/SchoolProgressReport_Eng/Spring2011Eng_609993.pdf,Pershing Elementary Network,SOUTHWEST SIDE COLLABORATIVE,No,Track_E,Not on Probation,Level 1,No,Average,56,Average,44,Average,45,Weak,37,Weak,65,Average,48,Average,53,Strong,58,95.50%,10.4,95.80%,100.00%,76.9,NDA,26,24.7,61.8,49.7,39.2,27.2,69.7,60.6,9.1,18.2,11.1,9.6,0.9,2.4,Green,Green,42.9,25,NDA,NDA,NDA,NDA,NDA,NDA,NDA,NDA,NDA,NDA,556,42,NDA,1164504.290,1873959.199,41.80975690,"'-87.67214460",61,NEW CITY,20,9,"(41.8097569, -87.6721446)"
610513,Air Force Academy High School,HS,3630 S Wells St,Chicago,IL,60609,(773) 535-1590,http://schoolreports.cps.edu/SchoolProgressReport_Eng/Spring2011Eng_610513.pdf,Southwest Side High School Network,SOUTHWEST SIDE COLLABORATIVE,NDA,Standard,Not on Probation,Not Enough Data,Yes,Average,49,Strong,60,Strong,60,Average,55,Weak,45,Average,54,Average,53,Average,49,93.30%,15.6,96.90%,100.00%,NDA,NDA,NDA,NDA,NDA,NDA,NDA,NDA,NDA,NDA,NDA,NDA,,,,,NDA,NDA,NDA,NDA,14.6,14.8,NDA,16,1.4,NDA,NDA,NDA,NDA,NDA,302,40,91.8,1175177.622,1880745.126,41.82814609,"'-87.63279369",34,ARMOUR SQUARE,11,9,"(41.82814609, -87.63279369)"
610212,Albany Park Multicultural Academy,MS,4929 N Sawyer Ave,Chicago,IL,60625,(773) 534-5108,http://schoolreports.cps.edu/SchoolProgressReport_Eng/Spring2011Eng_610212.pdf,O'Hare Elementary Network,NORTH-NORTHWEST SIDE COLLABORATIVE,Yes,Standard,Not on Probation,Level 1,No,Strong,66,Weak,37,Strong,66,Strong,71,Weak,43,Average,50,Weak,46,Average,51,97.00%,2.3,96.90%,100.00%,NDA,NDA,NDA,NDA,NDA,NDA,60.7,39.8,53.7,59.8,17.5,20.8,34.5,15.6,0.2,0.3,Yellow,Yellow,29.2,50,NDA,NDA,NDA,NDA,NDA,NDA,NDA,NDA,NDA,NDA,266,31,NDA,1153858.196,1932691.891,41.97114330,"'-87.70962725",14,ALBANY PARK,39,17,"(41.9711433, -87.70962725)"
609720,Albert G Lane Technical High School,HS,2501 W Addison St,Chicago,IL,60618,(773) 534-5400,http://schoolreports.cps.edu/SchoolProgressReport_Eng/Spring2011Eng_609720.pdf,North-Northwest Side High School Network,NORTH-NORTHWEST SIDE COLLABORATIVE,Yes,Standard,Not on Probation,Level 1,No,Very Strong,88,NDA,NDA,Strong,62,Average,52,Weak,NDA,NDA,NDA,NDA,NDA,NDA,NDA,96.30%,2.1,96.20%,99.40%,NDA,NDA,NDA,NDA,NDA,NDA,NDA,NDA,NDA,NDA,NDA,NDA,,,,,NDA,NDA,NDA,NDA,19.1,19.5,19.9,20.1,1,23.4,3.5,67.9,92.2,79.8,4368,35,90.7,1158975.392,1923791.705,41.94661693,"'-87.69105603",5,NORTH CENTER,47,19,"(41.94661693, -87.69105603)"
610342,Albert R Sabin Elementary Magnet School,ES,2216 W Hirsch St,Chicago,IL,60622,(773) 534-4491,http://schoolreports.cps.edu/SchoolProgressReport_Eng/Spring2011Eng_610342.pdf,Fulton Elementary Network,WEST SIDE COLLABORATIVE,No,Standard,Probation,Level 3,No,Strong,67,NDA,NDA,Weak,30,Very Weak,18,Weak,NDA,NDA,NDA,NDA,NDA,NDA,NDA,94.70%,28.1,95.00%,100.00%,56.3,NDA,33.5,33.5,49.5,49.5,27.4,39.3,35.5,44.4,25,23.4,18.0,12.8,"'-1.8",0.1,Red,Yellow,NDA,NDA,NDA,NDA,NDA,NDA,NDA,NDA,NDA,NDA,NDA,NDA,620,35,NDA,1161265.299,1909314.592,41.90684338,"'-87.68304259",24,WEST TOWN,1,14,"(41.90684338, -87.68304259)"
610524,Alcott High School for the Humanities,HS,2957 N Hoyne Ave,Chicago,IL,60618,(773) 534-5979,http://schoolreports.cps.edu/SchoolProgressReport_Eng/Spring2011Eng_610524.pdf,North-Northwest Side High School Network,NORTH-NORTHWEST SIDE COLLABORATIVE,NDA,Standard,Not on Probation,Not Enough Data,No,Strong,70,NDA,NDA,Strong,67,Average,51,Weak,NDA,NDA,NDA,Strong,57,Weak,43,92.70%,7.1,96.90%,100.00%,NDA,NDA,NDA,NDA,NDA,NDA,NDA,NDA,NDA,NDA,NDA,NDA,,,,,NDA,NDA,NDA,NDA,14.7,13.7,NDA,16,1.3,NDA,NDA,NDA,NDA,NDA,232,33,87.6,1161870.556,1919857.440,41.93576106,"'-87.68052441",5,NORTH CENTER,1,19,"(41.93576106, -87.68052441)"
610209,Alessandro Volta Elementary School,ES,4950 N Avers Ave,Chicago,IL,60625,(773) 534-5080,http://schoolreports.cps.edu/SchoolProgressReport_Eng/Spring2011Eng_610209.pdf,O'Hare Elementary Network,NORTH-NORTHWEST SIDE COLLABORATIVE,No,Track_E,Not on Probation,Level 2,No,Average,43,Strong,61,Weak,28,Weak,37,Weak,62,Average,56,Average,51,Average,53,96.40%,22.5,95.90%,100.00%,63.9,43.2,51.3,32.9,50.7,70,52.5,31.3,59.8,57.6,16.5,24.7,19.9,14.2,0.3,"'-0.4",Yellow,Yellow,31.6,65.2,NDA,NDA,NDA,NDA,NDA,NDA,NDA,NDA,NDA,NDA,1023,31,NDA,1149774.095,1932831.151,41.97160605,"'-87.72464139",14,ALBANY PARK,39,17,"(41.97160605, -87.72464139)"
609799,Alexander Graham Bell Elementary School,ES,3730 N Oakley Ave,Chicago,IL,60618,(773) 534-5150,http://schoolreports.cps.edu/SchoolProgressReport_Eng/Spring2011Eng_609799.pdf,Ravenswood-Ridge Elementary Network,NORTH-NORTHWEST SIDE COLLABORATIVE,No,Standard,Not on Probation,Level 1,No,Very Strong,99,Very Strong,88,Strong,64,Average,46,Weak,51,Average,51,NDA,NDA,NDA,NDA,96.30%,6.3,95.90%,99.30%,91.9,67.3,79.2,77.4,53.3,54.7,84.2,83,49.8,53.6,62.6,71.7,64.0,57.9,0.0,0.3,Yellow,Yellow,58.1,65.6,NDA,NDA,NDA,NDA,NDA,NDA,NDA,NDA,NDA,NDA,998,35,NDA,1160327.881,1924862.722,41.94952795,"'-87.68605496",5,NORTH CENTER,47,19,"(41.94952795, -87.68605496)"
609947,Alexander Graham Elementary School,ES,4436 S Union Ave,Chicago,IL,60609,(773) 535-1308,http://schoolreports.cps.edu/SchoolProgressReport_Eng/Spring2011Eng_609947.pdf,Pershing Elementary Network,SOUTHWEST SIDE COLLABORATIVE,No,Standard,Not on Probation,Level 2,No,Average,49,Weak,30,Weak,31,Weak,33,Weak,30,Average,41,Average,48,Average,51,92.50%,27.4,95.00%,92.10%,76.7,47.4,59.4,38.8,51.6,76.2,44.4,31.3,66.7,49.3,5.9,35.3,20.8,11.1,1.7,"'-0.5",Green,Yellow,45.3,31.8,NDA,NDA,NDA,NDA,NDA,NDA,NDA,NDA,NDA,NDA,476,42,NDA,1172335.702,1875308.997,41.81329195,"'-87.64338051",61,NEW CITY,11,9,"(41.81329195, -87.64338051)"
609963,Alexander Hamilton Elementary School,ES,1650 W Cornelia Ave,Chicago,IL,60657,(773) 534-5484,http://schoolreports.cps.edu/SchoolProgressReport_Eng/Spring2011Eng_609963.pdf,Ravenswood-Ridge Elementary Network,NORTH-NORTHWEST SIDE COLLABORATIVE,No,Standard,Not on Probation,Level 2,No,Strong,73,Strong,64,Strong,60,Average,59,Weak,59,Average,48,Strong,57,Strong,54,95.30%,12.5,97.40%,97.40%,70.3,47.2,34.4,48.4,56.5,62.9,31.9,46.8,48.9,51.1,14.3,35.7,13.8,21.3,0.6,0.6,Yellow,Yellow,NDA,NDA,NDA,NDA,NDA,NDA,NDA,NDA,NDA,NDA,NDA,NDA,307,33,NDA,1164474.274,1923334.414,41.94524725,"'-87.67085683",6,LAKE VIEW,32,19,"(41.94524725, -87.67085683)"
610210,Alexander von Humboldt Elementary School,ES,2620 W Hirsch St,Chicago,IL,60622,(773) 534-4480,http://schoolreports.cps.edu/SchoolProgressReport_Eng/Spring2011Eng_610210.pdf,Fulton Elementary Network,WEST SIDE COLLABORATIVE,No,Standard,Probation,Level 3,No,Weak,31,NDA,NDA,Weak,32,Average,45,Weak,NDA,NDA,NDA,Weak,43,Weak,44,92.50%,185.5,96.00%,100.00%,NDA,32.6,23.6,24,56.3,54,31.8,19.7,60.7,39.7,9.1,20.5,8.6,5.7,"'-0.4","'-1.2",Yellow,Red,14.6,NDA,NDA,NDA,NDA,NDA,NDA,NDA,NDA,NDA,NDA,NDA,398,34,NDA,1158554.232,1909250.021,41.90672216,"'-87.69300325",24,WEST TOWN,26,14,"(41.90672216, -87.69300325)"
609808,Alex Haley Elementary Academy,ES,11411 S Eggleston Ave,Chicago,IL,60628,(773) 535-5340,http://schoolreports.cps.edu/SchoolProgressReport_Eng/Spring2011Eng_609808.pdf,Rock Island Elementary Network,FAR SOUTH SIDE COLLABORATIVE,No,Standard,Not on Probation,Level 2,No,Weak,28,NDA,NDA,Average,58,Strong,60,Weak,NDA,NDA,NDA,Average,47,Average,49,94.90%,2.9,94.70%,94.70%,51.6,31.4,17.3,13.6,43.7,41.4,36.3,24.5,64.8,53.9,1.8,16.1,11.6,1.9,0.5,"'-1.5",Yellow,Red,NDA,NDA,NDA,NDA,NDA,NDA,NDA,NDA,NDA,NDA,NDA,NDA,525,48,NDA,1175378.714,1829178.573,41.68663682,"'-87.63359476",49,ROSELAND,34,22,"(41.68663682, -87.63359476)"
610028,Alfred David Kohn Elementary School,ES,10414 S State St,Chicago,IL,60628,(773) 535-5489,http://schoolreports.cps.edu/SchoolProgressReport_Eng/Spring2011Eng_610028.pdf,Rock Island Elementary Network,FAR SOUTH SIDE COLLABORATIVE,No,Track_E,Probation,Level 3,No,Very Weak,19,Weak,26,Weak,22,Very Weak,13,Weak,21,Very Weak,19,Average,47,Weak,45,90.10%,31.2,94.20%,96.40%,41.3,31.9,34,22.2,42.8,56.2,29.6,22.8,80,61.7,4.3,19.6,5.0,5.6,0.5,"'-0.1",Yellow,Yellow,NDA,NDA,NDA,NDA,NDA,NDA,NDA,NDA,NDA,NDA,NDA,NDA,428,48,NDA,1178053.498,1835837.822,41.70485072,"'-87.62360199",49,ROSELAND,34,5,"(41.70485072, -87.62360199)"
610098,Alfred Nobel Elementary School,ES,4127 W Hirsch St,Chicago,IL,60651,(773) 534-4365,http://schoolreports.cps.edu/SchoolProgressReport_Eng/Spring2011Eng_610098.pdf,Garfield-Humboldt Elementary Network,WEST SIDE COLLABORATIVE,No,Track_E,Not on Probation,Level 2,No,Weak,37,Weak,34,Weak,37,Weak,35,Weak,48,Weak,36,Average,48,Average,51,94.60%,24.8,95.20%,100.00%,55.4,33.2,26.7,23.2,47.3,50,39.2,28.1,59.5,51,15.2,16.7,9.7,7.1,"'-0.3",0.7,Yellow,Yellow,23.4,44.4,NDA,NDA,NDA,NDA,NDA,NDA,NDA,NDA,NDA,NDA,801,34,NDA,1148503.002,1908960.619,41.90612797,"'-87.72993324",23,HUMBOLDT PARK,37,25,"(41.90612797, -87.72993324)"
609788,Alice L Barnard Computer Math & Science Center Elementary School,ES,10354 S Charles St,Chicago,IL,60643,(773) 535-2625,http://schoolreports.cps.edu/SchoolProgressReport_Eng/Spring2011Eng_609788.pdf,Rock Island Elementary Network,FAR SOUTH SIDE COLLABORATIVE,No,Track_E,Not on Probation,Level 1,No,Average,46,NDA,NDA,Weak,39,Average,58,Weak,NDA,NDA,NDA,Strong,69,Average,51,95.60%,28.5,95.00%,100.00%,62.1,38.5,43,38.8,47.4,61.8,45.6,40.4,49.4,61.4,18.5,29.6,18.0,15.7,1.9,1.9,Green,Green,NDA,NDA,NDA,NDA,NDA,NDA,NDA,NDA,NDA,NDA,NDA,NDA,274,49,NDA,1168627.899,1835867.534,41.70514024,"'-87.65811642",72,BEVERLY,19,22,"(41.70514024, -87.65811642)"
610334,Al Raby High School,HS,3545 W Fulton Blvd,Chicago,IL,60624,(773) 534-6755,http://schoolreports.cps.edu/SchoolProgressReport_Eng/Spring2011Eng_610334.pdf,West Side High School Network,WEST SIDE COLLABORATIVE,No,Track_E,Probation,Level 3,No,Average,52,NDA,NDA,Average,51,Average,53,Weak,NDA,NDA,NDA,NDA,NDA,NDA,NDA,80.30%,14.0,95.10%,100.00%,NDA,NDA,NDA,NDA,NDA,NDA,NDA,NDA,NDA,NDA,NDA,NDA,,,,,NDA,NDA,NDA,NDA,12.8,13,14.1,14,1.2,15.2,1.1,13.5,72.2,64.2,551,34,74.3,1152512.295,1901720.850,41.88618300,"'-87.71539705",27,EAST GARFIELD PARK,28,11,"(41.886183, -87.71539705)"
610131,Ambrose Plamondon Elementary School,ES,2642 W 15th Pl,Chicago,IL,60608,(773) 534-1789,http://schoolreports.cps.edu/SchoolProgressReport_Eng/Spring2011Eng_610131.pdf,Austin-North Lawndale Elementary Network,WEST SIDE COLLABORATIVE,No,Track_E,Not on Probation,Level 2,No,Average,45,NDA,NDA,Weak,32,Weak,28,Weak,NDA,NDA,NDA,Weak,45,Weak,41,96.90%,0.6,96.60%,100.00%,61.9,14.3,27.3,37.9,35,54.8,43.5,25,74.4,40,16.7,25,12.3,11.4,"'-1.5","'-1.3",Red,Red,NDA,NDA,NDA,NDA,NDA,NDA,NDA,NDA,NDA,NDA,NDA,NDA,171,39,NDA,1158816.302,1892329.996,41.86028668,"'-87.69250468",29,NORTH LAWNDALE,28,10,"(41.86028668, -87.69250468)"
610316,Amelia Earhart Options for Knowledge Elementary School,ES,1710 E 93rd St,Chicago,IL,60617,(773) 535-6416,http://schoolreports.cps.edu/SchoolProgressReport_Eng/Spring2011Eng_610316.pdf,Skyway Elementary Network,SOUTH SIDE COLLABORATIVE,Yes,Track_E,Not on Probation,Level 2,No,Very Strong,81,Strong,63,Strong,60,Strong,73,Weak,34,Average,54,NDA,NDA,NDA,NDA,96.30%,33.4,95.40%,100.00%,76.7,NDA,58.1,59.1,66.7,58.1,48.8,67.5,51.3,62.5,NDA,NDA,27.5,26.4,0.1,1.0,Yellow,Green,NDA,NDA,NDA,NDA,NDA,NDA,NDA,NDA,NDA,NDA,NDA,NDA,264,47,NDA,1189297.589,1843689.527,41.72613498,"'-87.58217727",48,CALUMET HEIGHTS,8,4,"(41.72613498, -87.58217727)"
609780,Ames Middle School,MS,1920 N Hamlin Ave,Chicago,IL,60647,(773) 534-4970,http://schoolreports.cps.edu/SchoolProgressReport_Eng/Spring2011Eng_609780.pdf,Fullerton Elementary Network,NORTH-NORTHWEST SIDE COLLABORATIVE,No,Standard,Probation,Level 2,No,Weak,38,Very Weak,17,Weak,27,Weak,35,Weak,26,Weak,26,Average,50,Average,50,94.30%,5.3,96.00%,100.00%,NDA,NDA,NDA,NDA,NDA,NDA,35.1,27.9,76.8,51.1,9.2,18.4,14.5,3.0,"'-1.9","'-1.5",Red,Red,28.8,55,NDA,NDA,NDA,NDA,NDA,NDA,NDA,NDA,NDA,NDA,586,34,NDA,1150696.779,1912593.823,41.91605519,"'-87.72177945",22,LOGAN SQUARE,26,25,"(41.91605519, -87.72177945)"
610339,Amos Alonzo Stagg Elementary School,ES,7424 S Morgan St,Chicago,IL,60621,(773) 535-3565,http://schoolreports.cps.edu/SchoolProgressReport_Eng/Spring2011Eng_610339.pdf,Englewood-Gresham Elementary Network,SOUTHWEST SIDE COLLABORATIVE,No,Track_E,Probation,Level 3,No,Weak,23,Weak,35,Weak,35,Average,42,Weak,25,Average,42,Weak,44,Average,50,91.40%,34.3,95.50%,100.00%,NDA,NDA,35.3,22.4,47.6,58.2,20.1,26.8,49.2,43.9,8,23.5,7.7,7.8,"'-0.4","'-0.1",Yellow,Yellow,NDA,NDA,NDA,NDA,NDA,NDA,NDA,NDA,NDA,NDA,NDA,NDA,539,45,NDA,1170892.320,1855485.867,41.75892669,"'-87.64925340",68,ENGLEWOOD,17,7,"(41.75892669, -87.6492534)"
610320,Ana Roque de Duprey Elementary School,ES,2620 W Hirsch St,Chicago,IL,60622,(773) 534-4230,http://schoolreports.cps.edu/SchoolProgressReport_Eng/Spring2011Eng_610320.pdf,Fulton Elementary Network,WEST SIDE COLLABORATIVE,No,Standard,Probation,Level 2,Yes,Average,57,NDA,NDA,Very Weak,12,Very Weak,14,Weak,NDA,NDA,NDA,Average,53,Strong,57,95.40%,77.5,95.60%,100.00%,32.1,23.3,56.8,32.4,75.8,75.8,34.9,34.1,53.8,52.5,7.1,28.6,11.1,6.2,0.7,0.1,Yellow,Yellow,NDA,NDA,NDA,NDA,NDA,NDA,NDA,NDA,NDA,NDA,NDA,NDA,114,34,NDA,1158554.232,1909250.021,41.90672216,"'-87.69300325",24,WEST TOWN,26,14,"(41.90672216, -87.69300325)"
609837,Andrew Carnegie Elementary School,ES,1414 E 61st Pl,Chicago,IL,60637,(773) 535-0530,http://schoolreports.cps.edu/SchoolProgressReport_Eng/Spring2011Eng_609837.pdf,Burnham Park Elementary Network,SOUTH SIDE COLLABORATIVE,No,Standard,Probation,Level 3,No,Average,48,Average,51,Weak,37,Strong,63,Weak,42,Weak,31,Average,49,Average,49,94.60%,6.2,94.40%,100.00%,NDA,NDA,40.2,48.3,40.8,52.3,29.8,44.7,32.6,36.2,18.4,38.8,21.4,20.4,"'-1.2",0.1,Red,Yellow,48.1,8.3,NDA,NDA,NDA,NDA,NDA,NDA,NDA,NDA,NDA,NDA,730,46,NDA,1186764.646,1864534.473,41.78339577,"'-87.59079649",42,WOODLAWN,20,3,"(41.78339577, -87.59079649)"
610060,Andrew Jackson Elementary Language Academy,ES,1340 W Harrison St,Chicago,IL,60607,(773) 534-7000,http://schoolreports.cps.edu/SchoolProgressReport_Eng/Spring2011Eng_610060.pdf,Fulton Elementary Network,WEST SIDE COLLABORATIVE,Yes,Standard,Not on Probation,Level 1,No,Very Strong,86,NDA,NDA,Average,57,Average,46,Weak,NDA,NDA,NDA,NDA,NDA,NDA,NDA,97.40%,0.7,96.10%,100.00%,88.7,NDA,90.3,90.9,70.6,81.2,85.7,90.7,64.8,62.1,72.6,87.1,70.4,62.7,0.6,0.8,Green,Green,48.4,80,NDA,NDA,NDA,NDA,NDA,NDA,NDA,NDA,NDA,NDA,556,38,NDA,1167364.912,1897512.032,41.87432724,"'-87.66097599",28,NEAR WEST SIDE,2,12,"(41.87432724, -87.66097599)"
609869,Anna R. Langford Community Academy,ES,6010 S Throop St,Chicago,IL,60636,(773) 535-9180,http://schoolreports.cps.edu/SchoolProgressReport_Eng/Spring2011Eng_609869.pdf,Englewood-Gresham Elementary Network,SOUTHWEST SIDE COLLABORATIVE,No,Track_E,Probation,Level 2,No,Weak,31,Weak,31,Average,54,Weak,32,Weak,49,Average,50,Average,53,Average,52,91.80%,29.0,95.40%,100.00%,58.8,NDA,40,14,52.8,59.8,31.9,17,51.3,44.9,7.7,11.5,12.6,7.5,0.5,0.2,Yellow,Yellow,NDA,NDA,NDA,NDA,NDA,NDA,NDA,NDA,NDA,NDA,NDA,NDA,339,43,NDA,1168649.029,1864844.463,41.78465652,"'-87.65720530",67,WEST ENGLEWOOD,16,7,"(41.78465652, -87.6572053)"
610084,Annie Keller Elementary Gifted Magnet School,ES,3020 W 108th St,Chicago,IL,60655,(773) 535-2636,http://schoolreports.cps.edu/SchoolProgressReport_Eng/Spring2011Eng_610084.pdf,Rock Island Elementary Network,FAR SOUTH SIDE COLLABORATIVE,Yes,Standard,Not on Probation,Level 1,No,Very Strong,99,Very Strong,97,Very Strong,85,Very Strong,82,Weak,94,Very Strong,82,Strong,68,Strong,60,97.50%,4.9,96.50%,100.00%,100,NDA,100,100,63.4,74.7,96.5,97.7,61.2,76.7,89.3,100,92.8,92.3,1.6,2.3,Green,Green,51.5,70.6,NDA,NDA,NDA,NDA,NDA,NDA,NDA,NDA,NDA,NDA,245,49,NDA,1157959.455,1832892.067,41.69719792,"'-87.69726380",74,MOUNT GREENWOOD,19,22,"(41.69719792, -87.6972638)"
610229,A.N. Pritzker School,ES,2009 W Schiller St,Chicago,IL,60622,(773) 534-4415,http://schoolreports.cps.edu/SchoolProgressReport_Eng/Spring2011Eng_610229.pdf,Fulton Elementary Network,WEST SIDE COLLABORATIVE,No,Standard,Not on Probation,Level 1,No,Average,59,NDA,NDA,Average,58,Strong,61,Weak,NDA,NDA,NDA,NDA,NDA,NDA,NDA,94.60%,36.5,95.60%,98.50%,56.8,11.8,58.2,58.5,55,55.6,62.9,54.9,57.6,55.1,38.7,50,37.2,34.5,"'-0.2",0.3,Yellow,Yellow,NDA,NDA,NDA,NDA,NDA,NDA,NDA,NDA,NDA,NDA,NDA,NDA,669,35,NDA,1162693.096,1909391.648,41.90702500,"'-87.67779555",24,WEST TOWN,1,14,"(41.907025, -87.67779555)"
610277,Anthony Overton Elementary School,ES,221 E 49th St,Chicago,IL,60615,(773) 535-1430,http://schoolreports.cps.edu/SchoolProgressReport_Eng/Spring2011Eng_610277.pdf,Burnham Park Elementary Network,SOUTH SIDE COLLABORATIVE,No,Track_E,Probation,Level 3,No,Weak,32,NDA,NDA,Strong,64,Strong,76,Weak,NDA,NDA,NDA,Average,52,Strong,55,90.50%,24.9,94.90%,100.00%,52,54.8,19.6,16.2,41.1,40,20.4,25,45.1,46.2,0,8.3,8.2,4.3,1.2,0.7,Green,Yellow,NDA,NDA,NDA,NDA,NDA,NDA,NDA,NDA,NDA,NDA,NDA,NDA,436,42,NDA,1178699.353,1872549.026,41.80557578,"'-87.62012252",38,GRAND BOULEVARD,3,2,"(41.80557578, -87.62012252)"
609951,Ariel Elementary Community Academy,ES,1119 E 46th St,Chicago,IL,60653,(773) 535-1996,http://schoolreports.cps.edu/SchoolProgressReport_Eng/Spring2011Eng_609951.pdf,Burnham Park Elementary Network,SOUTH SIDE COLLABORATIVE,No,Standard,Not on Probation,Level 2,No,NDA,,NDA,NDA,NDA,,NDA,,Weak,NDA,NDA,NDA,Average,51,Average,50,95.50%,5.4,96.00%,100.00%,70.8,34.3,48.4,43,62,58.6,40,47.1,58.6,49.3,14.6,36.6,24.8,14.4,0.0,"'-1.6",Yellow,Red,35,28.6,NDA,NDA,NDA,NDA,NDA,NDA,NDA,NDA,NDA,NDA,550,42,NDA,1184576.517,1874697.119,41.81133445,"'-87.59850030",39,KENWOOD,4,2,"(41.81133445, -87.5985003)"
610161,Arna Wendell Bontemps Elementary School,ES,1241 W 58th St,Chicago,IL,60636,(773) 535-9175,http://schoolreports.cps.edu/SchoolProgressReport_Eng/Spring2011Eng_610161.pdf,Englewood-Gresham Elementary Network,SOUTHWEST SIDE COLLABORATIVE,No,Track_E,Probation,Level 3,No,Weak,33,NDA,NDA,Average,48,Average,59,Weak,NDA,NDA,NDA,Average,53,Average,52,94.20%,31.2,95.80%,100.00%,36.4,26.9,25.7,20.8,64.3,64.8,28.7,22.1,54.3,51.9,0,18.8,7.5,4.2,"'-1.1","'-2.5",Red,Red,NDA,NDA,NDA,NDA,NDA,NDA,NDA,NDA,NDA,NDA,NDA,NDA,345,43,NDA,1168872.421,1866273.444,41.78857298,"'-87.65634499",67,WEST ENGLEWOOD,16,7,"(41.78857298, -87.65634499)"
610171,Arnold Mireles Elementary Academy,ES,9000 S Exchange Ave,Chicago,IL,60617,(773) 535-6360,http://schoolreports.cps.edu/SchoolProgressReport_Eng/Spring2011Eng_610171.pdf,Skyway Elementary Network,SOUTH SIDE COLLABORATIVE,No,Track_E,Probation,Level 3,No,Weak,27,NDA,NDA,Average,43,Average,54,Weak,NDA,NDA,NDA,Average,48,Average,51,92.80%,11.8,95.20%,98.90%,44,27.5,21.9,15.2,45.4,45.7,23,19.4,46.9,51,6.4,18.2,7.6,5.4,"'-1.1","'-0.7",Red,Red,9.8,NDA,NDA,NDA,NDA,NDA,NDA,NDA,NDA,NDA,NDA,NDA,905,47,NDA,1197292.129,1845782.158,41.73168217,"'-87.55282373",46,SOUTH CHICAGO,10,4,"(41.73168217, -87.55282373)"
610037,Arthur A Libby Elementary School,ES,5300 S Loomis Blvd,Chicago,IL,60609,(773) 535-9050,http://schoolreports.cps.edu/SchoolProgressReport_Eng/Spring2011Eng_610037.pdf,Pershing Elementary Network,SOUTHWEST SIDE COLLABORATIVE,No,Track_E,Probation,Level 3,No,Weak,36,NDA,NDA,Strong,60,Strong,60,Weak,NDA,NDA,NDA,Average,48,Average,52,90.80%,21.6,95.10%,100.00%,31.1,37.3,24.7,12,43.2,48.3,32,17.7,55.3,48.3,4.2,14.6,4.8,3.9,"'-0.4","'-2.8",Yellow,Red,18,NDA,NDA,NDA,NDA,NDA,NDA,NDA,NDA,NDA,NDA,NDA,539,43,NDA,1167858.322,1869572.502,41.79764784,"'-87.65996858",61,NEW CITY,16,9,"(41.79764784, -87.65996858)"
609887,Arthur Dixon Elementary School,ES,8306 S Saint Lawrence Ave,Chicago,IL,60619,(773) 535-3834,http://schoolreports.cps.edu/SchoolProgressReport_Eng/Spring2011Eng_609887.pdf,Skyway Elementary Network,SOUTH SIDE COLLABORATIVE,No,Track_E,Not on Probation,Level 2,No,Average,47,NDA,NDA,Average,47,Average,52,Weak,NDA,NDA,NDA,NDA,NDA,NDA,NDA,94.80%,32.2,95.60%,100.00%,69.7,35.5,42.8,37.8,51.8,70.8,43.5,44.5,51.3,49.4,22.1,31.6,22.0,15.7,"'-0.3",0.7,Yellow,Green,NDA,NDA,NDA,NDA,NDA,NDA,NDA,NDA,NDA,NDA,NDA,NDA,652,45,NDA,1181644.805,1850009.577,41.74365776,"'-87.61001515",44,CHATHAM,6,6,"(41.74365776, -87.61001515)"
609836,Arthur E Canty Elementary School,ES,3740 N Panama Ave,Chicago,IL,60634,(773) 534-1238,http://schoolreports.cps.edu/SchoolProgressReport_Eng/Spring2011Eng_609836.pdf,O'Hare Elementary Network,NORTH-NORTHWEST SIDE COLLABORATIVE,Yes,Standard,Not on Probation,Level 1,No,Very Strong,87,Strong,64,Strong,70,Strong,64,Weak,49,Average,47,Strong,66,Average,53,96.10%,2.3,96.10%,99.10%,75.3,60.6,77.2,58.3,52.9,62,81.3,71.3,61.4,59.7,41.3,60,47.4,34.2,0.3,0.1,Yellow,Yellow,29.8,100,NDA,NDA,NDA,NDA,NDA,NDA,NDA,NDA,NDA,NDA,784,30,NDA,1121355.698,1924041.412,41.94799245,"'-87.82933190",17,DUNNING,36,16,"(41.94799245, -87.8293319)"
610268,Arthur R Ashe Elementary School,ES,8505 S Ingleside Ave,Chicago,IL,60619,(773) 535-3550,http://schoolreports.cps.edu/SchoolProgressReport_Eng/Spring2011Eng_610268.pdf,Skyway Elementary Network,SOUTH SIDE COLLABORATIVE,No,Track_E,Probation,Level 3,No,NDA,,NDA,NDA,NDA,,NDA,,Weak,NDA,NDA,NDA,Weak,39,Weak,46,87.90%,41.6,93.40%,100.00%,30.1,25.5,20.3,14.3,47.4,54.8,43.4,23.6,61,58.7,7.9,15.8,9.2,2.8,1.1,"'-0.9",Green,Red,NDA,NDA,NDA,NDA,NDA,NDA,NDA,NDA,NDA,NDA,NDA,NDA,459,45,NDA,1184078.661,1848752.991,41.74015307,"'-87.60113659",44,CHATHAM,8,6,"(41.74015307, -87.60113659)"
609941,Asa Philip Randolph Elementary School,ES,7316 S Hoyne Ave,Chicago,IL,60636,(773) 535-9015,http://schoolreports.cps.edu/SchoolProgressReport_Eng/Spring2011Eng_609941.pdf,Englewood-Gresham Elementary Network,SOUTHWEST SIDE COLLABORATIVE,No,Track_E,Probation,Level 3,No,Very Weak,15,NDA,NDA,Average,41,Average,48,Weak,NDA,NDA,NDA,Weak,45,Average,49,92.10%,43.5,95.30%,95.60%,52.9,52.6,20.2,11.3,40.1,48.1,44.2,21.3,63,50.8,12.1,12.1,13.8,4.5,0.3,"'-1.3",Yellow,Red,NDA,NDA,NDA,NDA,NDA,NDA,NDA,NDA,NDA,NDA,NDA,NDA,573,43,NDA,1163589.689,1856037.765,41.76059741,"'-87.67600175",67,WEST ENGLEWOOD,17,7,"(41.76059741, -87.67600175)"
610287,Ashburn Community Elementary School,ES,8300 S Saint Louis Ave,Chicago,IL,60652,(773) 535-7860,http://schoolreports.cps.edu/SchoolProgressReport_Eng/Spring2011Eng_610287.pdf,Midway Elementary Network,SOUTHWEST SIDE COLLABORATIVE,No,Standard,Not on Probation,Level 2,No,Average,48,Strong,76,Average,52,Average,40,Weak,68,Strong,70,Average,51,Average,50,95.50%,28.5,97.10%,100.00%,70.6,61.7,40.4,33.3,55.5,56.2,45.8,36.8,69.9,45.5,22.4,30.6,15.1,9.5,0.4,"'-0.6",Yellow,Yellow,40.8,40,NDA,NDA,NDA,NDA,NDA,NDA,NDA,NDA,NDA,NDA,490,44,NDA,1154458.760,1849313.602,41.74233179,"'-87.70964592",70,ASHBURN,18,8,"(41.74233179, -87.70964592)"
609820,Augustus H Burley Elementary School,ES,1630 W Barry Ave,Chicago,IL,60657,(773) 534-5475,http://schoolreports.cps.edu/SchoolProgressReport_Eng/Spring2011Eng_609820.pdf,Ravenswood-Ridge Elementary Network,NORTH-NORTHWEST SIDE COLLABORATIVE,Yes,Standard,Not on Probation,Level 1,No,Very Strong,99,NDA,NDA,Strong,78,Strong,65,Weak,NDA,NDA,NDA,Strong,59,Average,49,96.50%,0.7,95.00%,97.90%,69.4,47,64.5,70.2,51.2,66.7,69.4,75,62.9,67.3,50,69.6,54.2,53.3,1.3,2.1,Green,Green,35.7,80,NDA,NDA,NDA,NDA,NDA,NDA,NDA,NDA,NDA,NDA,572,33,NDA,1164768.164,1920682.831,41.93796493,"'-87.66985204",6,LAKE VIEW,32,19,"(41.93796493, -87.66985204)"
400018,Austin Business and Entrepreneurship Academy High School,HS,231 N Pine Ave,Chicago,IL,60644,(773) 534-6316,,West Side High School Network,WEST SIDE COLLABORATIVE,No,Non_Standard,Probation,Level 3,No,Weak,38,NDA,NDA,Average,41,Weak,33,Weak,NDA,NDA,NDA,NDA,NDA,NDA,NDA,76.00%,12.4,0.00%,98.20%,NDA,NDA,NDA,NDA,NDA,NDA,NDA,NDA,NDA,NDA,NDA,NDA,,,,,NDA,NDA,NDA,NDA,12,12,14.3,12.9,0.9,14.4,0.1,12.2,65.6,51.3,316,36,NDA,1139494.763,1901274.258,41.88520477,"'-87.76321191",25,AUSTIN,28,15,"(41.88520477, -87.76321191)"
610169,Austin O Sexton Elementary School,ES,6020 S Langley Ave,Chicago,IL,60637,(773) 535-0640,http://schoolreports.cps.edu/SchoolProgressReport_Eng/Spring2011Eng_610169.pdf,Burnham Park Elementary Network,SOUTH SIDE COLLABORATIVE,No,Standard,Probation,Level 3,No,Weak,23,NDA,NDA,Weak,38,Weak,34,Weak,NDA,NDA,NDA,Weak,46,Weak,44,90.50%,8.6,94.10%,100.00%,48.8,NDA,12.7,13.5,56.6,51.9,26.4,33.6,53.1,66.7,3.7,11.1,6.1,5.2,0.2,"'-0.4",Yellow,Yellow,NDA,NDA,NDA,NDA,NDA,NDA,NDA,NDA,NDA,NDA,NDA,NDA,337,42,NDA,1181884.660,1865139.761,41.78517099,"'-87.60866927",42,WOODLAWN,20,3,"(41.78517099, -87.60866927)"
610501,Austin Polytechnical Academy High School,HS,231 N Pine Ave,Chicago,IL,60644,(773) 534-6300,http://schoolreports.cps.edu/SchoolProgressReport_Eng/Spring2011Eng_610501.pdf,West Side High School Network,WEST SIDE COLLABORATIVE,No,Standard,Probation,Level 2,No,Weak,38,NDA,NDA,Average,45,Average,53,Weak,NDA,NDA,NDA,NDA,NDA,NDA,NDA,70.10%,21.5,95.20%,98.60%,NDA,NDA,NDA,NDA,NDA,NDA,NDA,NDA,NDA,NDA,NDA,NDA,,,,,NDA,NDA,NDA,NDA,12,12.1,13.6,13.1,1.1,14.8,1.2,8.5,NDA,NDA,250,36,56.1,1139494.763,1901274.258,41.88520477,"'-87.76321191",25,AUSTIN,28,15,"(41.88520477, -87.76321191)"
609786,Avalon Park Elementary School,ES,8045 S Kenwood Ave,Chicago,IL,60619,(773) 535-6615,http://schoolreports.cps.edu/SchoolProgressReport_Eng/Spring2011Eng_609786.pdf,Skyway Elementary Network,SOUTH SIDE COLLABORATIVE,No,Track_E,Not on Probation,Level 2,No,Weak,32,Weak,24,Weak,38,Weak,32,Weak,32,Very Weak,16,Weak,46,Weak,45,92.10%,52.1,96.40%,97.70%,47.8,15.4,11.9,22.3,41.7,40.9,14.8,20.6,42.7,44.1,2.2,24.4,7.9,5.1,1.1,1.2,Green,Green,NDA,NDA,NDA,NDA,NDA,NDA,NDA,NDA,NDA,NDA,NDA,NDA,398,47,NDA,1186651.081,1851731.650,41.74826636,"'-87.59161761",45,AVALON PARK,8,4,"(41.74826636, -87.59161761)"
609871,Barbara Vick Early Childhood & Family Center,ES,2554 W 113th St,Chicago,IL,60655,(773) 535-2671,http://schoolreports.cps.edu/SchoolProgressReport_Eng/Spring2011Eng_609871.pdf,Rock Island Elementary Network,FAR SOUTH SIDE COLLABORATIVE,NDA,Track_E,NDA,NDA,No,NDA,,NDA,NDA,NDA,,NDA,,Weak,NDA,NDA,NDA,Strong,66,Strong,60,60.90%,0.0,95.50%,100.00%,NDA,NDA,NDA,NDA,NDA,NDA,NDA,NDA,NDA,NDA,NDA,NDA,,,,,NDA,NDA,NDA,NDA,NDA,NDA,NDA,NDA,NDA,NDA,NDA,NDA,NDA,NDA,204,49,NDA,1161152.120,1829643.669,41.68821843,"'-87.68566340",75,MORGAN PARK,19,22,"(41.68821843, -87.6856634)"
609922,Belmont-Cragin Elementary School,ES,2456 N Mango Ave,Chicago,IL,60639,(773) 534-2900,http://schoolreports.cps.edu/SchoolProgressReport_Eng/Spring2011Eng_609922.pdf,Fullerton Elementary Network,NORTH-NORTHWEST SIDE COLLABORATIVE,No,Track_E,Not on Probation,Level 2,No,Strong,75,Very Strong,81,Strong,67,Strong,66,Weak,45,Average,53,Strong,55,Strong,54,95.30%,1.3,96.80%,98.90%,60.7,31.8,22.5,21.3,51.8,55.3,42.9,39,61.7,53.2,0,6.9,11.0,11.0,0.2,1.0,Yellow,Yellow,NDA,NDA,NDA,NDA,NDA,NDA,NDA,NDA,NDA,NDA,NDA,NDA,634,29,NDA,1137592.320,1915980.764,41.92559567,"'-87.76984337",19,BELMONT CRAGIN,30,25,"(41.92559567, -87.76984337)"
609764,Benito Juarez Community Academy High School,HS,2150 S Laflin St,Chicago,IL,60608,(773) 534-7030,http://schoolreports.cps.edu/SchoolProgressReport_Eng/Spring2011Eng_609764.pdf,West Side High School Network,WEST SIDE COLLABORATIVE,No,Standard,Probation,Level 3,No,Average,46,Average,53,Average,44,Average,45,Weak,49,Average,48,NDA,NDA,NDA,NDA,83.70%,17.2,95.80%,99.50%,NDA,NDA,NDA,NDA,NDA,NDA,NDA,NDA,NDA,NDA,NDA,NDA,,,,,NDA,NDA,NDA,NDA,13.2,13.7,14.6,14.5,1.3,15.8,1.2,14.8,56.2,48.8,1683,39,71.1,1166665.696,1889615.348,41.85267306,"'-87.66376931",31,LOWER WEST SIDE,25,12,"(41.85267306, -87.66376931)"
610265,Benjamin Banneker Elementary School,ES,6656 S Normal Blvd,Chicago,IL,60621,(773) 535-3020,http://schoolreports.cps.edu/SchoolProgressReport_Eng/Spring2011Eng_610265.pdf,Englewood-Gresham Elementary Network,SOUTHWEST SIDE COLLABORATIVE,No,Track_E,Probation,Level 3,No,Weak,36,NDA,NDA,Weak,35,Average,58,Weak,NDA,NDA,NDA,NDA,NDA,NDA,NDA,91.30%,26.9,93.90%,100.00%,NDA,31.1,10.9,11.8,40,34.4,34.4,31.1,55.7,60.5,25.9,30.8,7.9,1.5,0.7,0.9,Yellow,Yellow,NDA,NDA,NDA,NDA,NDA,NDA,NDA,NDA,NDA,NDA,NDA,NDA,302,45,NDA,1174114.357,1860550.724,41.77275433,"'-87.63729464",68,ENGLEWOOD,6,7,"(41.77275433, -87.63729464)"
610290,Benjamin E Mays Elementary Academy,ES,838 W Marquette Rd,Chicago,IL,60621,(773) 535-3892,http://schoolreports.cps.edu/SchoolProgressReport_Eng/Spring2011Eng_610290.pdf,Englewood-Gresham Elementary Network,SOUTHWEST SIDE COLLABORATIVE,No,Track_E,Not on Probation,Level 2,No,Weak,27,Weak,23,Average,55,Average,48,Weak,41,Weak,37,NDA,NDA,NDA,NDA,95.50%,0.3,96.60%,100.00%,NDA,60.7,45.9,26.8,47.2,60.2,37.2,24.7,60.7,57.8,17.1,31.4,17.4,9.6,0.1,"'-0.1",Yellow,Yellow,NDA,NDA,NDA,NDA,NDA,NDA,NDA,NDA,NDA,NDA,NDA,NDA,301,45,NDA,1171705.530,1860460.828,41.77256081,"'-87.64612737",68,ENGLEWOOD,16,7,"(41.77256081, -87.64612737)"
610076,Bernhard Moos Elementary School,ES,1711 N California Ave,Chicago,IL,60647,(773) 534-4340,http://schoolreports.cps.edu/SchoolProgressReport_Eng/Spring2011Eng_610076.pdf,Fulton Elementary Network,WEST SIDE COLLABORATIVE,No,Track_E,Probation,Level 2,No,Average,50,Weak,34,Average,47,Weak,32,Weak,34,Weak,31,NDA,NDA,NDA,NDA,93.00%,45.5,96.30%,98.50%,52.7,52.4,43,26.5,60.8,61.6,60.6,30.5,70.8,61.3,10.9,12.7,24.0,7.5,1.4,0.2,Green,Yellow,NDA,NDA,NDA,NDA,NDA,NDA,NDA,NDA,NDA,NDA,NDA,NDA,429,34,NDA,1157476.303,1911358.897,41.91253110,"'-87.69690545",24,WEST TOWN,1,14,"(41.9125311, -87.69690545)"
610150,Betsy Ross Elementary School,ES,6059 S Wabash Ave,Chicago,IL,60637,(773) 535-0650,http://schoolreports.cps.edu/SchoolProgressReport_Eng/Spring2011Eng_610150.pdf,Burnham Park Elementary Network,SOUTH SIDE COLLABORATIVE,No,Standard,Probation,Level 3,No,Weak,39,NDA,NDA,Average,51,Average,50,Weak,NDA,NDA,NDA,Weak,37,Weak,44,88.90%,64.1,93.90%,97.90%,25.3,31,10.3,8.2,31.5,22.8,24.4,20.2,56.3,38.1,0,5.3,2.5,2.0,"'-0.1","'-1.1",Yellow,Red,NDA,NDA,NDA,NDA,NDA,NDA,NDA,NDA,NDA,NDA,NDA,NDA,350,42,NDA,1177801.979,1864618.420,41.78383382,"'-87.62365383",40,WASHINGTON PARK,20,3,"(41.78383382, -87.62365383)"
610175,Beulah Shoesmith Elementary School,ES,1330 E 50th St,Chicago,IL,60615,(773) 535-1764,http://schoolreports.cps.edu/SchoolProgressReport_Eng/Spring2011Eng_610175.pdf,Burnham Park Elementary Network,SOUTH SIDE COLLABORATIVE,No,Standard,Probation,Level 2,No,Average,45,Average,54,Average,40,Weak,39,Weak,37,Average,41,Average,49,Weak,45,94.70%,0.3,94.80%,100.00%,65,12,32.5,28.4,54.4,61.3,56.4,43.6,83.3,66.7,NDA,NDA,10.8,19.6,0.0,1.6,Yellow,Green,NDA,NDA,NDA,NDA,NDA,NDA,NDA,NDA,NDA,NDA,NDA,NDA,325,46,NDA,1185846.553,1872152.239,41.80432122,"'-87.59392226",39,KENWOOD,4,2,"(41.80432122, -87.59392226)"
610087,Blair Early Childhood Center,ES,6751 W 63rd Pl,Chicago,IL,60638,(773) 535-2076,http://schoolreports.cps.edu/SchoolProgressReport_Eng/Spring2011Eng_610087.pdf,Midway Elementary Network,SOUTHWEST SIDE COLLABORATIVE,NDA,Track_E,NDA,NDA,No,NDA,,Strong,64,NDA,,NDA,,Weak,61,Strong,66,Strong,58,Strong,65,80.20%,0.8,94.80%,100.00%,NDA,NDA,NDA,NDA,NDA,NDA,NDA,NDA,NDA,NDA,NDA,NDA,,,,,NDA,NDA,NDA,NDA,NDA,NDA,NDA,NDA,NDA,NDA,NDA,NDA,NDA,NDA,137,44,NDA,1132295.745,1861625.190,41.77652935,"'-87.79056836",64,CLEARING,23,8,"(41.77652935, -87.79056836)"
609969,Bret Harte Elementary School,ES,1556 E 56th St,Chicago,IL,60637,(773) 535-0870,http://schoolreports.cps.edu/SchoolProgressReport_Eng/Spring2011Eng_609969.pdf,Burnham Park Elementary Network,SOUTH SIDE COLLABORATIVE,Yes,Standard,Probation,Level 3,No,Strong,63,NDA,NDA,Strong,77,Strong,76,Weak,NDA,NDA,NDA,Average,47,Weak,44,94.20%,17.9,95.40%,98.50%,57.1,NDA,52.8,60,66.1,60.8,43.8,60.4,60.4,64.6,NDA,NDA,27.5,21.9,0.4,0.0,Yellow,Yellow,NDA,NDA,NDA,NDA,NDA,NDA,NDA,NDA,NDA,NDA,NDA,NDA,340,46,NDA,1187805.484,1868216.424,41.79347460,"'-87.58686328",41,HYDE PARK,5,2,"(41.7934746, -87.58686328)"
610106,Brian Piccolo Elementary Specialty School,ES,1040 N Keeler Ave,Chicago,IL,60651,(773) 534-4425,http://schoolreports.cps.edu/SchoolProgressReport_Eng/Spring2011Eng_610106.pdf,Garfield-Humboldt Elementary Network,WEST SIDE COLLABORATIVE,No,Track_E,Probation,Level 3,No,Weak,27,NDA,NDA,Weak,29,Weak,31,Weak,NDA,NDA,NDA,NDA,NDA,NDA,NDA,90.60%,65.8,95.00%,92.90%,29.2,19.6,9.7,15.2,40.9,43,20.6,16.5,51.3,48.1,6.8,5.1,3.4,1.6,"'-0.2","'-1.4",Yellow,Red,NDA,NDA,NDA,NDA,NDA,NDA,NDA,NDA,NDA,NDA,NDA,NDA,549,34,NDA,1148146.922,1906778.220,41.90014610,"'-87.73129753",23,HUMBOLDT PARK,37,11,"(41.9001461, -87.73129753)"
610317,Brighton Park Elementary School,ES,3825 S Washtenaw Ave,Chicago,IL,60632,(773) 535-7237,http://schoolreports.cps.edu/SchoolProgressReport_Eng/Spring2011Eng_610317.pdf,Pershing Elementary Network,SOUTHWEST SIDE COLLABORATIVE,No,Standard,Not on Probation,Level 1,No,Average,55,NDA,NDA,Average,49,Average,43,Weak,NDA,NDA,NDA,NDA,NDA,NDA,NDA,96.30%,2.6,95.90%,100.00%,64.5,50,37.7,32.2,51.2,58.8,46.1,39.7,64.7,53.9,6,20.9,18.6,11.4,0.8,0.2,Green,Yellow,NDA,NDA,NDA,NDA,NDA,NDA,NDA,NDA,NDA,NDA,NDA,NDA,691,39,NDA,1159041.661,1879076.777,41.82391375,"'-87.69204069",58,BRIGHTON PARK,12,9,"(41.82391375, -87.69204069)"
610381,Bronzeville Scholastic Academy High School,HS,4934 S Wabash Ave,Chicago,IL,60615,(773) 535-1150,http://schoolreports.cps.edu/SchoolProgressReport_Eng/Spring2011Eng_610381.pdf,South Side High School Network,SOUTH SIDE COLLABORATIVE,No,Standard,Probation,Level 3,No,Average,41,Weak,38,Average,42,Average,43,Weak,32,Very Weak,15,Average,51,Weak,43,92.30%,16.2,95.60%,97.60%,NDA,NDA,NDA,NDA,NDA,NDA,NDA,NDA,NDA,NDA,NDA,NDA,,,,,NDA,NDA,NDA,NDA,14.3,13.8,15.3,15.7,1.4,16.3,1,14.7,85.3,73.2,550,42,71.1,1177513.255,1872170.444,41.80456384,"'-87.62448408",38,GRAND BOULEVARD,3,2,"(41.80456384, -87.62448408)"
609821,Burnham Elementary Inclusive Academy,ES,1903 E 96th St,Chicago,IL,60617,(773) 535-6530,http://schoolreports.cps.edu/SchoolProgressReport_Eng/Spring2011Eng_609821.pdf,Lake Calumet Elementary Network,FAR SOUTH SIDE COLLABORATIVE,Yes,Standard,Not on Probation,Level 1,No,Strong,61,Strong,77,Very Strong,85,Very Strong,99,Weak,65,Strong,71,Strong,54,Average,47,95.50%,29.4,96.90%,96.00%,75.9,65.1,59.1,43.6,61.1,79.6,77.2,58.7,57.5,65.5,8.7,26.1,36.5,22.0,1.3,0.6,Green,Yellow,NDA,NDA,NDA,NDA,NDA,NDA,NDA,NDA,NDA,NDA,NDA,NDA,286,47,NDA,1190566.496,1841647.953,41.72050221,"'-87.57759489",51,SOUTH DEERING,7,4,"(41.72050221, -87.57759489)"
609827,Burnside Elementary Scholastic Academy,ES,650 E 91st Pl,Chicago,IL,60619,(773) 535-3300,http://schoolreports.cps.edu/SchoolProgressReport_Eng/Spring2011Eng_609827.pdf,Skyway Elementary Network,SOUTH SIDE COLLABORATIVE,No,Standard,Probation,Level 2,No,Average,51,NDA,NDA,Average,58,Strong,70,Weak,NDA,NDA,NDA,Average,48,Average,47,94.90%,8.9,94.90%,100.00%,81.7,55.8,31.1,38.5,49.3,39.9,40.6,33,52.4,49.4,18.6,35.6,15.5,14.3,0.0,"'-0.4",Yellow,Yellow,20.9,NDA,NDA,NDA,NDA,NDA,NDA,NDA,NDA,NDA,NDA,NDA,766,45,NDA,1182385.651,1844494.844,41.72850759,"'-87.60747108",44,CHATHAM,6,6,"(41.72850759, -87.60747108)"
610353,Calmeca Academy of Fine Arts and Dual Language,ES,3456 W 38th St,Chicago,IL,60632,(773) 535-7000,http://schoolreports.cps.edu/SchoolProgressReport_Eng/Spring2011Eng_610353.pdf,Pershing Elementary Network,SOUTHWEST SIDE COLLABORATIVE,No,Track_E,Not on Probation,Level 2,Yes,Average,58,Strong,67,Average,59,Strong,72,Weak,64,Average,55,Average,51,Strong,57,96.50%,1.9,96.90%,100.00%,47,NDA,44.2,23.9,52.8,64.5,35.8,26.6,49.8,49.3,16.1,21,13.9,10.3,"'-0.7",1.5,Red,Green,NDA,NDA,NDA,NDA,NDA,NDA,NDA,NDA,NDA,NDA,NDA,NDA,792,39,NDA,1153706.842,1879216.756,41.82440547,"'-87.71160875",58,BRIGHTON PARK,12,9,"(41.82440547, -87.71160875)"
609729,Carl Schurz High School,HS,3601 N Milwaukee Ave,Chicago,IL,60641,(773) 534-3420,http://schoolreports.cps.edu/SchoolProgressReport_Eng/Spring2011Eng_609729.pdf,North-Northwest Side High School Network,NORTH-NORTHWEST SIDE COLLABORATIVE,No,Standard,Probation,Level 3,No,Average,48,Weak,36,Weak,36,Weak,29,Weak,30,Weak,31,NDA,NDA,NDA,NDA,81.20%,13.8,96.00%,98.90%,NDA,NDA,NDA,NDA,NDA,NDA,NDA,NDA,NDA,NDA,NDA,NDA,,,,,NDA,NDA,NDA,NDA,13.1,12.9,14.3,14,0.9,15.6,1.3,9.7,62.1,40.4,2366,29,61.6,1146851.198,1923627.843,41.94640794,"'-87.73562542",16,IRVING PARK,38,17,"(41.94640794, -87.73562542)"
610039,Carl von Linne Elementary School,ES,3221 N Sacramento Ave,Chicago,IL,60618,(773) 534-5262,http://schoolreports.cps.edu/SchoolProgressReport_Eng/Spring2011Eng_610039.pdf,Fullerton Elementary Network,NORTH-NORTHWEST SIDE COLLABORATIVE,No,Standard,Not on Probation,Level 1,No,Strong,68,Average,49,Strong,66,Strong,75,Weak,37,Average,44,Average,50,Strong,55,95.80%,1.8,96.30%,100.00%,66.1,41.2,40.2,29.7,51.3,72,49.4,44.2,64.4,67.6,20.4,40.7,24.8,15.1,1.2,0.9,Green,Green,48.2,24,NDA,NDA,NDA,NDA,NDA,NDA,NDA,NDA,NDA,NDA,644,31,NDA,1155853.119,1921364.031,41.94001885,"'-87.70259825",21,AVONDALE,33,17,"(41.94001885, -87.70259825)"
610238,Carrie Jacobs Bond Elementary School,ES,7050 S May St,Chicago,IL,60621,(773) 535-3480,http://schoolreports.cps.edu/SchoolProgressReport_Eng/Spring2011Eng_610238.pdf,Englewood-Gresham Elementary Network,SOUTHWEST SIDE COLLABORATIVE,No,Track_E,Probation,Level 2,No,Average,54,Average,49,Strong,67,Strong,63,Weak,39,Weak,32,Average,53,Average,52,91.70%,18.8,94.30%,96.90%,NDA,56.5,34,16.1,41.7,48.3,41.3,23.8,65.8,52.8,7.7,11.5,7.9,5.6,"'-0.2",0.9,Yellow,Yellow,NDA,NDA,NDA,NDA,NDA,NDA,NDA,NDA,NDA,NDA,NDA,NDA,343,45,NDA,1169836.444,1857831.503,41.76538639,"'-87.65305514",68,ENGLEWOOD,17,7,"(41.76538639, -87.65305514)"
609839,Carroll-Rosenwald Specialty Elementary School,ES,2929 W 83rd St,Chicago,IL,60652,(773) 535-9414,http://schoolreports.cps.edu/SchoolProgressReport_Eng/Spring2011Eng_609839.pdf,Midway Elementary Network,SOUTHWEST SIDE COLLABORATIVE,No,Track_E,Not on Probation,Level 2,No,Weak,35,NDA,NDA,Very Weak,12,Very Weak,12,Weak,NDA,NDA,NDA,Average,48,Average,47,94.80%,27.8,95.60%,100.00%,63.1,47.5,26.7,29.4,52,38.4,37.1,27.7,45.1,43.5,13.8,30,11.8,9.1,"'-0.6",0.6,Red,Yellow,10.3,NDA,NDA,NDA,NDA,NDA,NDA,NDA,NDA,NDA,NDA,NDA,537,43,NDA,1158181.605,1849398.280,41.74248931,"'-87.69600300",70,ASHBURN,18,8,"(41.74248931, -87.696003)"
610345,Carter G Woodson South Elementary School,ES,4414 S Evans,Chicago,IL,60653,(773) 535-1280,http://schoolreports.cps.edu/SchoolProgressReport_Eng/Spring2011Eng_610345.pdf,Burnham Park Elementary Network,SOUTH SIDE COLLABORATIVE,No,Track_E,Probation,Level 3,No,Weak,26,Weak,27,Very Weak,2,Very Weak,1,Weak,30,Average,41,Weak,44,Average,47,91.90%,70.5,94.70%,98.40%,65.3,50.8,9.8,6.3,31.7,33.3,9.1,18.2,33.7,40.4,8,16,4.3,2.4,"'-0.7","'-2.4",Yellow,Red,NDA,NDA,NDA,NDA,NDA,NDA,NDA,NDA,NDA,NDA,NDA,NDA,329,40,NDA,1181853.018,1875820.129,41.81447955,"'-87.60845505",38,GRAND BOULEVARD,3,2,"(41.81447955, -87.60845505)"
610148,Cesar E Chavez Multicultural Academic Center Elementary School,ES,4747 S Marshfield Ave,Chicago,IL,60609,(773) 535-4600,http://schoolreports.cps.edu/SchoolProgressReport_Eng/Spring2011Eng_610148.pdf,Pershing Elementary Network,SOUTHWEST SIDE COLLABORATIVE,No,Track_E,Not on Probation,Level 1,No,Average,54,Average,52,Strong,63,Average,52,Weak,57,Average,50,Weak,45,Average,51,95.10%,11.1,96.10%,100.00%,59.6,37.8,37.7,16.5,49.8,74.2,62.7,28,80.7,63.3,9.2,10.8,19.8,8.4,2.0,0.0,Green,Yellow,44.6,18.5,NDA,NDA,NDA,NDA,NDA,NDA,NDA,NDA,NDA,NDA,915,42,NDA,1166186.662,1873024.079,41.80715514,"'-87.66600055",61,NEW CITY,20,9,"(41.80715514, -87.66600055)"
609679,Charles Allen Prosser Career Academy High School,HS,2148 N Long Ave,Chicago,IL,60639,(773) 534-3200,http://schoolreports.cps.edu/SchoolProgressReport_Eng/Spring2011Eng_609679.pdf,North-Northwest Side High School Network,NORTH-NORTHWEST SIDE COLLABORATIVE,No,Standard,Not on Probation,Level 2,No,Average,59,Average,47,Average,53,Average,51,Weak,37,Average,44,Weak,46,Weak,45,86.00%,9.7,94.40%,99.40%,NDA,NDA,NDA,NDA,NDA,NDA,NDA,NDA,NDA,NDA,NDA,NDA,,,,,NDA,NDA,NDA,NDA,15.5,15.1,16.3,16.2,0.7,17.9,1.6,27.7,78.7,58,1415,29,79.4,1139989.443,1913970.649,41.92003613,"'-87.76108432",19,BELMONT CRAGIN,37,25,"(41.92003613, -87.76108432)"
610005,Charles Evans Hughes Elementary School,ES,4247 W 15th St,Chicago,IL,60623,(773) 534-1762,http://schoolreports.cps.edu/SchoolProgressReport_Eng/Spring2011Eng_610005.pdf,Austin-North Lawndale Elementary Network,WEST SIDE COLLABORATIVE,No,Track_E,Probation,Level 3,No,Average,42,NDA,NDA,Very Strong,82,Strong,72,Weak,NDA,NDA,NDA,NDA,NDA,NDA,NDA,94.40%,0.0,94.70%,100.00%,69.2,63.3,32.6,16.9,40.3,76,54.8,20.8,69.6,45.8,5.9,23.5,12.2,4.7,0.5,"'-1.0",Yellow,Yellow,NDA,NDA,NDA,NDA,NDA,NDA,NDA,NDA,NDA,NDA,NDA,NDA,315,36,NDA,1148118.259,1892326.805,41.86049033,"'-87.73177486",29,NORTH LAWNDALE,24,10,"(41.86049033, -87.73177486)"
609879,Charles Gates Dawes Elementary School,ES,3810 W 81st Pl,Chicago,IL,60652,(773) 535-2350,http://schoolreports.cps.edu/SchoolProgressReport_Eng/Spring2011Eng_609879.pdf,Midway Elementary Network,SOUTHWEST SIDE COLLABORATIVE,No,Standard,Not on Probation,Level 2,No,Average,44,Weak,38,Weak,27,Weak,30,Weak,60,Average,54,Average,50,Average,48,95.70%,35.6,95.60%,99.50%,54.3,24,39.9,42.9,66.9,76.5,52.3,56.2,70.1,65.3,19.8,35.5,23.1,13.6,0.5,0.3,Green,Yellow,NDA,NDA,NDA,NDA,NDA,NDA,NDA,NDA,NDA,NDA,NDA,NDA,1032,44,NDA,1152339.160,1850308.795,41.74510467,"'-87.71738613",70,ASHBURN,18,8,"(41.74510467, -87.71738613)"
609966,Charles G Hammond Elementary School,ES,2819 W 21st Pl,Chicago,IL,60623,(773) 535-4580,http://schoolreports.cps.edu/SchoolProgressReport_Eng/Spring2011Eng_609966.pdf,Pilsen-Little Village Elementary Network,WEST SIDE COLLABORATIVE,No,Track_E,Not on Probation,Level 2,No,Average,40,NDA,NDA,Average,41,Average,43,Weak,NDA,NDA,NDA,Weak,43,Weak,45,95.30%,8.5,95.20%,92.00%,77.4,NDA,27.4,24.8,62.4,53.7,38.1,28.8,60.2,59.8,12.8,5.3,10.1,5.8,0.5,0.2,Yellow,Yellow,25,NDA,NDA,NDA,NDA,NDA,NDA,NDA,NDA,NDA,NDA,NDA,446,39,NDA,1157809.015,1889554.623,41.85269133,"'-87.69627777",30,SOUTH LAWNDALE,12,10,"(41.85269133, -87.69627777)"
610366,Charles H Wacker Elementary School,ES,9746 S Morgan St,Chicago,IL,60643,(773) 535-2821,http://schoolreports.cps.edu/SchoolProgressReport_Eng/Spring2011Eng_610366.pdf,Rock Island Elementary Network,FAR SOUTH SIDE COLLABORATIVE,No,Standard,Probation,Level 2,No,Weak,32,NDA,NDA,Weak,34,Weak,32,Weak,NDA,NDA,NDA,Average,50,Weak,41,93.40%,11.5,93.40%,100.00%,64.5,53.9,20.8,31,34.8,40.6,66.7,60,85.7,67.2,7.7,23.1,17.4,15.9,1.8,0.0,Green,Yellow,NDA,NDA,NDA,NDA,NDA,NDA,NDA,NDA,NDA,NDA,NDA,NDA,246,49,NDA,1171336.009,1839924.624,41.71621480,"'-87.64808140",73,WASHINGTON HEIGHTS,21,22,"(41.7162148, -87.6480814)"
610030,Charles Kozminski Elementary Community Academy,ES,936 E 54th St,Chicago,IL,60615,(773) 535-0980,http://schoolreports.cps.edu/SchoolProgressReport_Eng/Spring2011Eng_610030.pdf,Burnham Park Elementary Network,SOUTH SIDE COLLABORATIVE,No,Track_E,Probation,Level 3,No,Weak,36,NDA,NDA,Weak,35,Average,40,Weak,NDA,NDA,NDA,Weak,39,Weak,42,92.00%,55.6,94.40%,100.00%,60,34.9,27.5,24.6,36.9,33.9,14.7,23.8,37.9,43.4,6.5,18.8,5.0,6.1,"'-1.2","'-1.1",Red,Red,NDA,NDA,NDA,NDA,NDA,NDA,NDA,NDA,NDA,NDA,NDA,NDA,403,46,NDA,1183537.482,1869839.651,41.79802950,"'-87.60246287",41,HYDE PARK,4,2,"(41.7980295, -87.60246287)"
609996,Charles N Holden Elementary School,ES,1104 W 31st St,Chicago,IL,60608,(773) 535-7200,http://schoolreports.cps.edu/SchoolProgressReport_Eng/Spring2011Eng_609996.pdf,Pershing Elementary Network,SOUTHWEST SIDE COLLABORATIVE,No,Standard,Not on Probation,Level 2,No,Average,53,Average,44,Average,50,Weak,35,Weak,53,Average,51,Strong,54,Average,50,94.90%,4.7,96.00%,100.00%,53.2,NDA,33.9,26.1,49.2,45.7,56.8,37.4,57.3,58.2,28,37.5,16.7,11.5,"'-0.8",0.0,Red,Yellow,NDA,NDA,NDA,NDA,NDA,NDA,NDA,NDA,NDA,NDA,NDA,NDA,600,40,NDA,1169423.887,1884309.813,41.83805473,"'-87.65380002",60,BRIDGEPORT,11,9,"(41.83805473, -87.65380002)"
609833,Charles P Caldwell Academy of Math & Science Elementary School,ES,8546 S Cregier,Chicago,IL,60617,(773) 535-6300,http://schoolreports.cps.edu/SchoolProgressReport_Eng/Spring2011Eng_609833.pdf,Skyway Elementary Network,SOUTH SIDE COLLABORATIVE,No,Track_E,Probation,Level 3,No,Weak,25,Weak,31,Average,40,Average,44,Weak,28,Weak,25,Weak,44,Average,47,92.70%,30.7,94.70%,100.00%,60.6,67.6,25.3,23.4,54,38.2,42.7,26.5,52.8,48.1,4.8,14.3,10.9,6.8,0.9,"'-0.1",Green,Yellow,NDA,NDA,NDA,NDA,NDA,NDA,NDA,NDA,NDA,NDA,NDA,NDA,291,47,NDA,1189641.205,1848463.627,41.73922735,"'-87.58076569",45,AVALON PARK,8,4,"(41.73922735, -87.58076569)"
609732,Charles P Steinmetz Academic Centre High School,HS,3030 N Mobile Ave,Chicago,IL,60634,(773) 534-3030,http://schoolreports.cps.edu/SchoolProgressReport_Eng/Spring2011Eng_609732.pdf,North-Northwest Side High School Network,NORTH-NORTHWEST SIDE COLLABORATIVE,No,Standard,Probation,Level 3,No,Weak,26,Weak,35,Weak,29,Weak,34,Weak,36,Weak,32,NDA,NDA,NDA,NDA,79.20%,30.4,96.20%,99.60%,NDA,NDA,NDA,NDA,NDA,NDA,NDA,NDA,NDA,NDA,NDA,NDA,,,,,NDA,NDA,NDA,NDA,13,13.8,13.8,14.3,1.3,16.1,2.3,16.3,56.7,47,1890,30,70.3,1133838.348,1919613.694,41.93563171,"'-87.78355194",19,BELMONT CRAGIN,36,25,"(41.93563171, -87.78355194)"
609875,Charles R Darwin Elementary School,ES,3116 W Belden Ave,Chicago,IL,60647,(773) 534-4110,http://schoolreports.cps.edu/SchoolProgressReport_Eng/Spring2011Eng_609875.pdf,Fullerton Elementary Network,NORTH-NORTHWEST SIDE COLLABORATIVE,No,Standard,Not on Probation,Level 2,No,Average,58,Average,40,Average,44,Weak,34,Weak,31,Average,46,Average,49,Strong,54,95.60%,33.8,96.20%,100.00%,50.3,35.6,37.7,33.5,59.6,68.5,29.6,36.1,60.6,51.2,16.7,19.2,16.0,6.9,"'-0.2","'-0.8",Yellow,Red,21,50,NDA,NDA,NDA,NDA,NDA,NDA,NDA,NDA,NDA,NDA,622,35,NDA,1155126.902,1915284.203,41.92334998,"'-87.70543099",22,LOGAN SQUARE,26,14,"(41.92334998, -87.70543099)"
609986,Charles R Henderson Elementary School,ES,5650 S Wolcott Ave,Chicago,IL,60636,(773) 535-9080,http://schoolreports.cps.edu/SchoolProgressReport_Eng/Spring2011Eng_609986.pdf,Englewood-Gresham Elementary Network,SOUTHWEST SIDE COLLABORATIVE,No,Track_E,Probation,Level 3,No,Very Weak,16,NDA,NDA,Weak,32,Weak,38,Weak,NDA,NDA,NDA,Weak,46,Weak,44,89.20%,80.6,93.60%,100.00%,38.8,23.1,21.6,18,52.8,55.9,18.8,14.4,60.6,45.3,4.4,17.8,4.8,2.6,"'-0.1","'-0.6",Yellow,Yellow,8.2,NDA,NDA,NDA,NDA,NDA,NDA,NDA,NDA,NDA,NDA,NDA,407,43,NDA,1164617.918,1866985.258,41.79061716,"'-87.67192466",67,WEST ENGLEWOOD,15,7,"(41.79061716, -87.67192466)"
609813,Charles S Brownell Elementary School,ES,6741 S Michigan Ave,Chicago,IL,60637,(773) 535-3030,http://schoolreports.cps.edu/SchoolProgressReport_Eng/Spring2011Eng_609813.pdf,Skyway Elementary Network,SOUTH SIDE COLLABORATIVE,No,Track_E,Not on Probation,Level 2,No,Weak,20,Very Weak,16,Strong,79,Very Strong,82,Weak,20,Very Weak,19,Average,48,Weak,46,92.80%,14.1,95.50%,100.00%,NDA,NDA,24.3,17,38.8,63.1,36.8,32.4,67.6,47.2,NDA,NDA,12.9,8.8,1.5,"'-0.4",Green,Yellow,NDA,NDA,NDA,NDA,NDA,NDA,NDA,NDA,NDA,NDA,NDA,NDA,310,42,NDA,1178368.986,1860177.542,41.77163474,"'-87.62170972",69,GREATER GRAND CROSSING,20,3,"(41.77163474, -87.62170972)"
609883,Charles S Deneen Elementary School,ES,7240 S Wabash Ave,Chicago,IL,60619,(773) 535-3035,http://schoolreports.cps.edu/SchoolProgressReport_Eng/Spring2011Eng_609883.pdf,AUSL Schools,SOUTH SIDE COLLABORATIVE,No,Track_E,Probation,Level 2,No,Average,55,Weak,33,Average,49,Average,51,Weak,15,Average,49,NDA,NDA,NDA,NDA,93.80%,39.5,97.10%,100.00%,45.9,NDA,20.6,18.4,51.8,44.3,20,26.8,61.3,54.4,2.2,4.4,9.4,6.8,2.8,"'-0.5",Green,Yellow,NDA,NDA,NDA,NDA,NDA,NDA,NDA,NDA,NDA,NDA,NDA,NDA,551,46,NDA,1177940.398,1856846.453,41.76250359,"'-87.62338156",69,GREATER GRAND CROSSING,6,3,"(41.76250359, -87.62338156)"
610194,Charles Sumner  Math & Science Community Acad Elementary School,ES,4320 W 5th Ave,Chicago,IL,60624,(773) 534-6730,http://schoolreports.cps.edu/SchoolProgressReport_Eng/Spring2011Eng_610194.pdf,Garfield-Humboldt Elementary Network,WEST SIDE COLLABORATIVE,No,Standard,Probation,Level 3,No,Average,41,Weak,27,Average,44,Average,48,Weak,30,Weak,34,Average,48,Weak,46,93.90%,12.3,96.90%,100.00%,49,NDA,28.4,33.1,50,54.7,31.9,36.3,59.3,47.4,15.6,11.1,13.1,9.7,"'-1.0",0.1,Red,Yellow,48.9,23.8,NDA,NDA,NDA,NDA,NDA,NDA,NDA,NDA,NDA,NDA,430,36,NDA,1147607.200,1896098.170,41.87084922,"'-87.73355414",26,WEST GARFIELD PARK,24,11,"(41.87084922, -87.73355414)"
609897,Charles W Earle Elementary School,ES,6121 S Hermitage Ave,Chicago,IL,60636,(773) 535-9130,http://schoolreports.cps.edu/SchoolProgressReport_Eng/Spring2011Eng_609897.pdf,Englewood-Gresham Elementary Network,SOUTHWEST SIDE COLLABORATIVE,No,Track_E,Probation,Level 2,No,Weak,24,NDA,NDA,Strong,62,Strong,71,Weak,NDA,NDA,NDA,Average,53,Average,48,93.80%,16.9,94.60%,100.00%,37.5,36.8,44.1,20.8,56.1,73.8,38.6,25,59.4,50.7,12,20,9.8,5.6,1.1,"'-0.6",Green,Yellow,NDA,NDA,NDA,NDA,NDA,NDA,NDA,NDA,NDA,NDA,NDA,NDA,331,43,NDA,1165772.423,1863964.038,41.78230211,"'-87.66777712",67,WEST ENGLEWOOD,15,7,"(41.78230211, -87.66777712)"
610248,Chicago Academy Elementary School,ES,3400 N Austin Ave,Chicago,IL,60634,(773) 534-0146,http://schoolreports.cps.edu/SchoolProgressReport_Eng/Spring2011Eng_610248.pdf,AUSL Schools,NORTH-NORTHWEST SIDE COLLABORATIVE,Yes,Standard,Not on Probation,Level 1,No,Strong,66,NDA,NDA,Average,40,Weak,22,Weak,NDA,NDA,NDA,Average,47,Average,51,96.30%,6.0,96.10%,100.00%,NDA,NDA,66.3,62.6,66.7,68.8,62.9,64.9,57.5,62.4,26.7,46.7,41.9,30.3,"'-0.1",1.8,Yellow,Green,50,53.8,NDA,NDA,NDA,NDA,NDA,NDA,NDA,NDA,NDA,NDA,601,30,NDA,1135740.091,1922002.941,41.94215439,"'-87.77650575",17,DUNNING,38,16,"(41.94215439, -87.77650575)"
610340,Chicago Academy High School,HS,3400 N Austin Ave,Chicago,IL,60634,(773) 534-0146,http://schoolreports.cps.edu/SchoolProgressReport_Eng/Spring2011Eng_610340.pdf,AUSL Schools,NORTH-NORTHWEST SIDE COLLABORATIVE,No,Standard,Not on Probation,Level 2,No,Average,58,Weak,35,Average,57,Average,53,Weak,56,Average,57,NDA,NDA,NDA,NDA,93.10%,6.3,96.10%,97.10%,NDA,NDA,NDA,NDA,NDA,NDA,NDA,NDA,NDA,NDA,NDA,NDA,,,,,NDA,NDA,NDA,NDA,14.6,14.4,16.3,16.1,1.5,18.4,2.1,23.9,70.1,64.2,502,30,80.6,1135740.091,1922002.941,41.94215439,"'-87.77650575",17,DUNNING,38,16,"(41.94215439, -87.77650575)"
609753,Chicago High School for Agricultural Sciences,HS,3857 W 111th St,Chicago,IL,60655,(773) 535-2500,http://schoolreports.cps.edu/SchoolProgressReport_Eng/Spring2011Eng_609753.pdf,Far South Side High School Network,FAR SOUTH SIDE COLLABORATIVE,No,Track_E,Not on Probation,Level 1,No,Very Strong,87,Strong,77,Average,49,Average,47,Weak,57,Average,40,Average,52,Strong,55,92.80%,5.2,95.20%,96.80%,NDA,NDA,NDA,NDA,NDA,NDA,NDA,NDA,NDA,NDA,NDA,NDA,,,,,NDA,NDA,NDA,NDA,16.1,16.5,16.9,17.4,1.3,20.4,3.5,30.7,70.7,79.6,579,49,88.1,1152383.425,1830663.647,41.69119388,"'-87.71773863",74,MOUNT GREENWOOD,19,22,"(41.69119388, -87.71773863)"
609754,Chicago Military Academy High School,HS,3519 S Giles Ave,Chicago,IL,60653,(773) 534-9750,http://schoolreports.cps.edu/SchoolProgressReport_Eng/Spring2011Eng_609754.pdf,South Side High School Network,SOUTH SIDE COLLABORATIVE,No,Standard,Not on Probation,Level 2,No,Weak,32,NDA,NDA,Weak,23,Weak,35,Weak,NDA,NDA,NDA,NDA,NDA,NDA,NDA,90.30%,28.2,95.60%,100.00%,NDA,NDA,NDA,NDA,NDA,NDA,NDA,NDA,NDA,NDA,NDA,NDA,,,,,NDA,NDA,NDA,NDA,14.8,14.4,15.2,15.6,0.8,17.4,2.2,24.4,83.6,69.3,483,40,88.1,1178881.169,1881647.166,41.83053768,"'-87.61917837",35,DOUGLAS,2,2,"(41.83053768, -87.61917837)"
609674,Chicago Vocational Career Academy High School,HS,2100 E 87th St,Chicago,IL,60617,(773) 535-6100,http://schoolreports.cps.edu/SchoolProgressReport_Eng/Spring2011Eng_609674.pdf,South Side High School Network,SOUTH SIDE COLLABORATIVE,No,Standard,Probation,Level 3,No,Weak,27,Average,43,Weak,21,Weak,30,Weak,34,Weak,39,NDA,NDA,NDA,NDA,68.80%,33.3,94.60%,99.10%,NDA,NDA,NDA,NDA,NDA,NDA,NDA,NDA,NDA,NDA,NDA,NDA,,,,,NDA,NDA,NDA,NDA,12.5,12.6,13.8,13.2,0.7,14.3,0.5,7,49.5,54,833,47,44.1,1191700.593,1847743.551,41.73720173,"'-87.57324389",45,AVALON PARK,8,4,"(41.73720173, -87.57324389)"
609899,Christian Ebinger Elementary School,ES,7350 W Pratt Ave,Chicago,IL,60631,(773) 534-1070,http://schoolreports.cps.edu/SchoolProgressReport_Eng/Spring2011Eng_609899.pdf,O'Hare Elementary Network,NORTH-NORTHWEST SIDE COLLABORATIVE,Yes,Standard,Not on Probation,Level 1,No,Strong,78,Strong,72,Strong,66,Average,50,Weak,26,Strong,62,Average,52,Weak,43,95.90%,9.3,95.20%,97.00%,84.7,61.5,81.2,68.5,63.3,82.2,77.4,69.4,56.8,70.1,34.5,53.4,50.6,40.2,0.5,1.4,Green,Green,NDA,NDA,NDA,NDA,NDA,NDA,NDA,NDA,NDA,NDA,NDA,NDA,650,30,NDA,1126172.537,1944639.095,42.00443557,"'-87.81116435",9,EDISON PARK,41,16,"(42.00443557, -87.81116435)"
609705,Christian Fenger Academy High School,HS,11220 S Wallace St,Chicago,IL,60628,(773) 535-5430,http://schoolreports.cps.edu/SchoolProgressReport_Eng/Spring2011Eng_609705.pdf,Far South Side High School Network,FAR SOUTH SIDE COLLABORATIVE,No,Track_E,Probation,Level 3,No,Weak,36,Weak,28,Average,41,Weak,32,Weak,46,Average,42,NDA,NDA,NDA,NDA,74.40%,49.8,95.40%,100.00%,NDA,NDA,NDA,NDA,NDA,NDA,NDA,NDA,NDA,NDA,NDA,NDA,,,,,NDA,NDA,NDA,NDA,12,12.1,12.9,13.3,1.3,14,1.1,11.3,34.8,36.7,688,48,68.2,1174272.711,1830372.910,41.68993885,"'-87.63760833",49,ROSELAND,34,22,"(41.68993885, -87.63760833)"
609863,Christopher Columbus Elementary School,ES,1003 N Leavitt St,Chicago,IL,60622,(773) 534-4350,http://schoolreports.cps.edu/SchoolProgressReport_Eng/Spring2011Eng_609863.pdf,Fulton Elementary Network,WEST SIDE COLLABORATIVE,Yes,Standard,Not on Probation,Level 1,No,Strong,66,NDA,NDA,Average,57,Average,55,Weak,NDA,NDA,NDA,Strong,54,Average,48,95.50%,2.4,96.90%,92.60%,77,72.3,59.2,48.7,57.7,62.5,76.2,56.9,78.8,63,40,45,42.0,30.5,1.1,1.6,Green,Green,NDA,NDA,NDA,NDA,NDA,NDA,NDA,NDA,NDA,NDA,NDA,NDA,309,35,NDA,1161595.965,1906670.676,41.89958139,"'-87.68190167",24,WEST TOWN,32,13,"(41.89958139, -87.68190167)"
609790,Clara Barton Elementary School,ES,7650 S Wolcott Ave,Chicago,IL,60620,(773) 535-3260,http://schoolreports.cps.edu/SchoolProgressReport_Eng/Spring2011Eng_609790.pdf,Englewood-Gresham Elementary Network,SOUTHWEST SIDE COLLABORATIVE,No,Track_E,Probation,Level 3,No,Weak,25,Average,42,Weak,28,Weak,34,Weak,77,Average,59,Average,51,Average,49,91.70%,25.3,96.40%,100.00%,64.3,NDA,27,22.8,51.8,55.3,27.4,22.4,45.3,52.9,6.5,13,8.1,5.7,"'-0.5","'-0.3",Yellow,Yellow,60,3.8,NDA,NDA,NDA,NDA,NDA,NDA,NDA,NDA,NDA,NDA,602,43,NDA,1164981.896,1853724.297,41.75421962,"'-87.67096453",71,AUBURN GRESHAM,18,6,"(41.75421962, -87.67096453)"
610347,Claremont Academy Elementary School,ES,2300 W 64th St,Chicago,IL,60636,(773) 535-8110,http://schoolreports.cps.edu/SchoolProgressReport_Eng/Spring2011Eng_610347.pdf,Midway Elementary Network,SOUTHWEST SIDE COLLABORATIVE,No,Track_E,Probation,Level 2,No,Weak,36,Weak,33,Average,50,Average,51,Weak,62,Average,59,Weak,46,Average,52,92.50%,64.2,96.20%,100.00%,58.7,60.5,40.9,22.5,52.3,66.9,46,31.7,72.5,61,14.9,14.9,12.1,8.1,0.3,0.7,Yellow,Yellow,NDA,NDA,NDA,NDA,NDA,NDA,NDA,NDA,NDA,NDA,NDA,NDA,531,43,NDA,1162155.645,1862200.052,41.77753754,"'-87.68108634",66,CHICAGO LAWN,15,8,"(41.77753754, -87.68108634)"
610499,Collins Academy High School,HS,1313 S Sacramento Dr,Chicago,IL,60623,(773) 534-1840,http://schoolreports.cps.edu/SchoolProgressReport_Eng/Spring2011Eng_610499.pdf,AUSL Schools,WEST SIDE COLLABORATIVE,No,Standard,Not on Probation,Level 2,No,Strong,60,Average,42,Average,51,Average,46,Weak,47,Average,48,Strong,54,Strong,56,91.40%,2.9,96.60%,98.70%,NDA,NDA,NDA,NDA,NDA,NDA,NDA,NDA,NDA,NDA,NDA,NDA,,,,,NDA,NDA,NDA,NDA,12.5,12.5,14.2,14.1,1.6,15.6,1.4,20.5,NDA,NDA,409,37,70.4,1156217.240,1893722.861,41.86416169,"'-87.70200761",29,NORTH LAWNDALE,24,10,"(41.86416169, -87.70200761)"
610170,Columbia Explorers Elementary Academy,ES,4520 S Kedzie Ave,Chicago,IL,60632,(773) 535-4050,http://schoolreports.cps.edu/SchoolProgressReport_Eng/Spring2011Eng_610170.pdf,Pershing Elementary Network,SOUTHWEST SIDE COLLABORATIVE,No,Track_E,Not on Probation,Level 2,No,Average,59,Strong,64,Average,59,Strong,63,Weak,65,Strong,72,Average,52,Strong,55,95.40%,8.9,97.10%,100.00%,67.6,30.5,27.4,32.5,44.4,48.7,41.6,49.3,52.8,59.6,17.7,27.8,17.1,13.8,0.8,1.5,Green,Green,NDA,NDA,NDA,NDA,NDA,NDA,NDA,NDA,NDA,NDA,NDA,NDA,1038,39,NDA,1155752.301,1874367.234,41.81105689,"'-87.70423481",58,BRIGHTON PARK,14,8,"(41.81105689, -87.70423481)"
610004,Countee Cullen Elementary School,ES,10650 S Eberhart Ave,Chicago,IL,60628,(773) 535-5375,http://schoolreports.cps.edu/SchoolProgressReport_Eng/Spring2011Eng_610004.pdf,Rock Island Elementary Network,FAR SOUTH SIDE COLLABORATIVE,No,Track_E,Probation,Level 3,No,Very Weak,14,NDA,NDA,Weak,28,Weak,34,Weak,NDA,NDA,NDA,NDA,NDA,NDA,NDA,94.10%,36.9,96.30%,100.00%,71.9,71.4,24.4,28.9,55.3,68.2,26.8,25.9,56.2,45.8,9.5,4.8,9.7,8.1,"'-1.8","'-1.7",Red,Red,NDA,NDA,NDA,NDA,NDA,NDA,NDA,NDA,NDA,NDA,NDA,NDA,233,48,NDA,1181431.470,1834229.814,41.70036107,"'-87.61128176",49,ROSELAND,9,5,"(41.70036107, -87.61128176)"
609781,Crispus Attucks Elementary School,ES,5055 S State St,Chicago,IL,60609,(773) 535-1270,http://schoolreports.cps.edu/SchoolProgressReport_Eng/Spring2011Eng_609781.pdf,Burnham Park Elementary Network,SOUTH SIDE COLLABORATIVE,No,Standard,Probation,Level 3,No,Average,45,Strong,76,Strong,64,Average,57,Weak,81,Very Strong,85,NDA,NDA,NDA,NDA,95.20%,12.5,93.50%,100.00%,64.7,66.7,25.3,9.9,42.4,53.5,16,16.5,53.3,32.4,3.1,9.4,7.6,10.0,"'-0.3","'-2.0",Yellow,Red,NDA,NDA,NDA,NDA,NDA,NDA,NDA,NDA,NDA,NDA,NDA,NDA,274,42,NDA,1177176.077,1871285.644,41.80214349,"'-87.62574740",38,GRAND BOULEVARD,3,2,"(41.80214349, -87.6257474)"
609873,Crown Community Academy of Fine Arts Center Elementary School,ES,2128 S Saint Louis Ave,Chicago,IL,60623,(773) 534-1680,http://schoolreports.cps.edu/SchoolProgressReport_Eng/Spring2011Eng_609873.pdf,Austin-North Lawndale Elementary Network,WEST SIDE COLLABORATIVE,No,Track_E,Probation,Level 2,No,Weak,27,Weak,39,Average,51,Average,52,Weak,45,Weak,31,Average,49,Average,51,92.50%,100.5,96.70%,100.00%,51.6,38,12.5,16.1,35.2,38.7,36.7,28.1,64.3,56.6,3.4,6.9,3.9,8.8,"'-0.3",1.0,Yellow,Yellow,13.3,NDA,NDA,NDA,NDA,NDA,NDA,NDA,NDA,NDA,NDA,NDA,298,37,NDA,1153387.649,1889511.387,41.85266155,"'-87.71250680",29,NORTH LAWNDALE,24,10,"(41.85266155, -87.7125068)"
610063,Cyrus H McCormick Elementary School,ES,2712 S Sawyer Ave,Chicago,IL,60623,(773) 535-7252,http://schoolreports.cps.edu/SchoolProgressReport_Eng/Spring2011Eng_610063.pdf,Pilsen-Little Village Elementary Network,WEST SIDE COLLABORATIVE,No,Track_E,Not on Probation,Level 1,Yes,NDA,,Strong,60,NDA,,NDA,,Weak,61,Average,54,Average,52,Strong,56,95.90%,4.7,95.90%,100.00%,55.3,39.4,42.1,22.6,43.9,54.2,NDA,NDA,NDA,NDA,NDA,NDA,25.2,10.3,"'-0.2",0.5,Yellow,Yellow,NDA,NDA,NDA,NDA,NDA,NDA,NDA,NDA,NDA,NDA,NDA,NDA,894,37,NDA,1155096.537,1885727.878,41.84224508,"'-87.70633600",30,SOUTH LAWNDALE,22,10,"(41.84224508, -87.706336)"
609804,Daniel Boone Elementary School,ES,6710 N Washtenaw Ave,Chicago,IL,60645,(773) 534-2160,http://schoolreports.cps.edu/SchoolProgressReport_Eng/Spring2011Eng_609804.pdf,Ravenswood-Ridge Elementary Network,NORTH-NORTHWEST SIDE COLLABORATIVE,No,Standard,Not on Probation,Level 1,No,Average,52,Average,50,Average,47,Average,48,Weak,45,Average,53,Average,50,Average,49,95.50%,10.5,95.40%,97.60%,65,43,39.7,33.2,55.4,61.8,43.1,35.2,56.3,42.3,22.5,35,22.0,17.6,1.1,1.9,Green,Green,NDA,NDA,NDA,NDA,NDA,NDA,NDA,NDA,NDA,NDA,NDA,NDA,752,32,NDA,1157068.657,1944483.472,42.00343519,"'-87.69750011",2,WEST RIDGE,50,24,"(42.00343519, -87.69750011)"
610083,Daniel C Beard Elementary School,ES,6445 W Strong St,Chicago,IL,60656,(773) 534-1228,http://schoolreports.cps.edu/SchoolProgressReport_Eng/Spring2011Eng_610083.pdf,O'Hare Elementary Network,NORTH-NORTHWEST SIDE COLLABORATIVE,NDA,Track_E,Not Applicable,Not Enough Data,No,NDA,,NDA,NDA,NDA,,NDA,,Weak,NDA,NDA,NDA,Strong,57,Strong,58,91.90%,0.0,94.30%,100.00%,NDA,NDA,NDA,NDA,NDA,NDA,NDA,NDA,NDA,NDA,NDA,NDA,,,,,NDA,NDA,NDA,NDA,NDA,NDA,NDA,NDA,NDA,NDA,NDA,NDA,NDA,NDA,160,30,NDA,1132103.024,1932162.514,41.97009738,"'-87.78963691",10,NORWOOD PARK,41,16,"(41.97009738, -87.78963691)"
610380,Daniel Hale Williams Prep School of Medicine,HS,4934 S Wabash Ave,Chicago,IL,60615,(773) 535-1120,http://schoolreports.cps.edu/SchoolProgressReport_Eng/Spring2011Eng_610380.pdf,South Side High School Network,SOUTH SIDE COLLABORATIVE,No,Standard,Not on Probation,Level 2,No,Average,50,NDA,NDA,Average,45,Average,54,Weak,NDA,NDA,NDA,NDA,NDA,NDA,NDA,91.30%,5.4,96.70%,100.00%,NDA,NDA,NDA,NDA,NDA,NDA,54.5,63.8,55.8,58.5,21.4,33.3,23.7,8.5,"'-0.9","'-1.8",Yellow,Red,64.1,25,15,15.1,15.8,15.4,0.4,17.5,1.7,32.7,NDA,NDA,324,42,90.1,1177513.255,1872170.444,41.80456384,"'-87.62448408",38,GRAND BOULEVARD,3,2,"(41.80456384, -87.62448408)"
609870,Daniel J Corkery Elementary School,ES,2510 S Kildare Ave,Chicago,IL,60623,(773) 534-1650,http://schoolreports.cps.edu/SchoolProgressReport_Eng/Spring2011Eng_609870.pdf,Pilsen-Little Village Elementary Network,WEST SIDE COLLABORATIVE,No,Track_E,Not on Probation,Level 2,No,Weak,39,NDA,NDA,Weak,31,Weak,29,Weak,NDA,NDA,NDA,NDA,NDA,NDA,NDA,94.70%,18.1,97.20%,100.00%,64.1,35.3,35.7,22.6,48.4,61.1,45.8,28.8,47.5,53,21.6,19.6,13.6,8.2,0.1,0.3,Yellow,Yellow,NDA,NDA,NDA,NDA,NDA,NDA,NDA,NDA,NDA,NDA,NDA,NDA,631,37,NDA,1148304.879,1886901.414,41.84559878,"'-87.73122946",30,SOUTH LAWNDALE,22,10,"(41.84559878, -87.73122946)"
609835,Daniel R Cameron Elementary School,ES,1234 N Monticello Ave,Chicago,IL,60651,(773) 534-4290,http://schoolreports.cps.edu/SchoolProgressReport_Eng/Spring2011Eng_609835.pdf,Garfield-Humboldt Elementary Network,WEST SIDE COLLABORATIVE,No,Track_E,Probation,Level 3,No,Average,42,NDA,NDA,Average,49,Average,50,Weak,NDA,NDA,NDA,Weak,46,Weak,46,92.60%,153.9,96.20%,98.40%,47.8,21.1,16.4,16.1,31.3,34.7,19.2,15.6,33.5,35,9.2,7.1,10.3,5.9,"'-1.0","'-1.4",Red,Red,NDA,NDA,NDA,NDA,NDA,NDA,NDA,NDA,NDA,NDA,NDA,NDA,828,34,NDA,1151767.546,1908130.068,41.90378521,"'-87.71796315",23,HUMBOLDT PARK,26,25,"(41.90378521, -87.71796315)"
610223,Daniel S Wentworth Elementary School,ES,6950 S Sangamon St,Chicago,IL,60621,(773) 535-3394,http://schoolreports.cps.edu/SchoolProgressReport_Eng/Spring2011Eng_610223.pdf,Englewood-Gresham Elementary Network,SOUTHWEST SIDE COLLABORATIVE,No,Track_E,Probation,Level 3,No,Weak,30,Weak,32,Weak,34,Weak,36,Weak,31,Weak,32,NDA,NDA,NDA,NDA,91.60%,73.8,95.90%,96.20%,NDA,24.7,17.9,14.2,48.5,51,40.2,18.8,74.4,38.8,10.5,10.5,5.5,1.5,1.0,"'-0.6",Green,Yellow,NDA,NDA,NDA,NDA,NDA,NDA,NDA,NDA,NDA,NDA,NDA,NDA,365,45,NDA,1171140.355,1858532.558,41.76728177,"'-87.64825544",68,ENGLEWOOD,17,7,"(41.76728177, -87.64825544)"
610221,Daniel Webster Elementary School,ES,4055 W Arthington St,Chicago,IL,60624,(773) 534-6925,http://schoolreports.cps.edu/SchoolProgressReport_Eng/Spring2011Eng_610221.pdf,Garfield-Humboldt Elementary Network,WEST SIDE COLLABORATIVE,No,Track_E,Not on Probation,Level 1,No,Average,48,Average,56,Very Strong,81,Strong,66,Weak,46,Average,44,Weak,45,Strong,55,94.80%,5.7,97.20%,100.00%,81.6,45.9,37,37,56.6,63.3,44.2,26.9,57.8,58.8,2.6,37.5,25.9,21.0,2.0,0.7,Green,Yellow,NDA,NDA,NDA,NDA,NDA,NDA,NDA,NDA,NDA,NDA,NDA,NDA,370,36,NDA,1149263.609,1895759.896,41.86988904,"'-87.72748159",26,WEST GARFIELD PARK,24,11,"(41.86988904, -87.72748159)"
609704,David G Farragut Career Academy High School,HS,2345 S Christiana Ave,Chicago,IL,60623,(773) 534-1300,http://schoolreports.cps.edu/SchoolProgressReport_Eng/Spring2011Eng_609704.pdf,West Side High School Network,WEST SIDE COLLABORATIVE,No,Standard,Probation,Level 2,No,Average,43,NDA,NDA,Average,42,Weak,32,Weak,NDA,NDA,NDA,NDA,NDA,NDA,NDA,86.10%,18.6,95.20%,99.60%,NDA,NDA,NDA,NDA,NDA,NDA,NDA,NDA,NDA,NDA,NDA,NDA,,,,,NDA,NDA,NDA,NDA,12.6,12.9,14.4,13.9,1.3,16,1.6,13.4,43.2,31.3,1456,37,68.6,1154443.895,1888031.410,41.84857930,"'-87.70866954",30,SOUTH LAWNDALE,22,10,"(41.8485793, -87.70866954)"
610402,DeVry University Advantage Academy High School,HS,3300 N Campbell,Chicago,IL,60618,(773) 697-2216,http://schoolreports.cps.edu/SchoolProgressReport_Eng/Spring2011Eng_610402.pdf,North-Northwest Side High School Network,NORTH-NORTHWEST SIDE COLLABORATIVE,No,Standard,Not on Probation,Level 1,No,NDA,,NDA,NDA,NDA,,NDA,,Weak,NDA,NDA,NDA,Strong,58,Strong,55,96.70%,0.0,94.50%,100.00%,NDA,NDA,NDA,NDA,NDA,NDA,NDA,NDA,NDA,NDA,NDA,NDA,,,,,NDA,NDA,NDA,NDA,NDA,NDA,NDA,NDA,NDA,20.7,NDA,40.6,NDA,63.3,200,35,NDA,1159059.411,1921900.745,41.94142629,"'-87.69079930",5,NORTH CENTER,47,19,"(41.94142629, -87.6907993)"
609885,Dewey Elementary Academy of Fine Arts,ES,5415 S Union Ave,Chicago,IL,60609,(773) 535-1666,http://schoolreports.cps.edu/SchoolProgressReport_Eng/Spring2011Eng_609885.pdf,Pershing Elementary Network,SOUTHWEST SIDE COLLABORATIVE,No,Standard,Probation,Level 3,No,Average,41,NDA,NDA,Average,42,Weak,35,Weak,NDA,NDA,NDA,Average,52,Strong,58,90.70%,26.3,95.50%,100.00%,64.7,56.1,12.2,11.8,30.9,44.2,10.4,4.3,40.3,23.1,3.6,0,3.3,0.5,0.4,"'-1.2",Yellow,Red,NDA,NDA,NDA,NDA,NDA,NDA,NDA,NDA,NDA,NDA,NDA,NDA,357,45,NDA,1172596.050,1868881.791,41.79564930,"'-87.64261500",61,NEW CITY,3,9,"(41.7956493, -87.642615)"
609859,DeWitt Clinton Elementary School,ES,6110 N Fairfield Ave,Chicago,IL,60659,(773) 534-2025,http://schoolreports.cps.edu/SchoolProgressReport_Eng/Spring2011Eng_609859.pdf,Ravenswood-Ridge Elementary Network,NORTH-NORTHWEST SIDE COLLABORATIVE,No,Standard,Not on Probation,Level 1,No,Average,47,Average,41,Average,47,Average,52,Weak,41,Weak,36,NDA,NDA,NDA,NDA,95.30%,14.8,95.40%,100.00%,68.8,44.9,45.8,40.1,55.6,63.7,64.7,39.7,70.6,54.2,24.3,25.2,33.5,21.8,0.6,"'-0.5",Green,Yellow,23.6,46.7,NDA,NDA,NDA,NDA,NDA,NDA,NDA,NDA,NDA,NDA,1139,32,NDA,1156854.125,1940520.212,41.99256421,"'-87.69839748",2,WEST RIDGE,50,24,"(41.99256421, -87.69839748)"
610515,Disney II Magnet School,ES,3815 N Kedvale Ave,Chicago,IL,60641,(773) 534-3750,http://schoolreports.cps.edu/SchoolProgressReport_Eng/Spring2011Eng_610515.pdf,O'Hare Elementary Network,NORTH-NORTHWEST SIDE COLLABORATIVE,Yes,Standard,Not on Probation,Level 1,No,NDA,,Very Strong,99,NDA,,NDA,,Weak,75,Average,53,Strong,62,Strong,58,97.30%,0.0,96.50%,100.00%,84.6,NDA,76.5,79.4,63.4,63.7,NDA,NDA,NDA,NDA,NDA,NDA,57.8,52.0,0.6,2.1,Yellow,Green,NDA,NDA,NDA,NDA,NDA,NDA,NDA,NDA,NDA,NDA,NDA,NDA,363,29,NDA,1148206.405,1925121.479,41.95048055,"'-87.73060545",16,IRVING PARK,38,17,"(41.95048055, -87.73060545)"
610077,Donald Morrill Math & Science Elementary School,ES,6011 S Rockwell St,Chicago,IL,60629,(773) 535-9288,http://schoolreports.cps.edu/SchoolProgressReport_Eng/Spring2011Eng_610077.pdf,Midway Elementary Network,SOUTHWEST SIDE COLLABORATIVE,No,Track_E,Probation,Level 3,No,Weak,28,Weak,25,Weak,32,Weak,39,Weak,35,Weak,32,Weak,44,Average,49,93.40%,19.6,94.80%,97.30%,64.6,46.3,20,15.3,46.6,42.6,30.9,22.9,54.5,50.3,12.1,26.2,10.0,5.7,"'-0.8","'-1.2",Red,Red,38.9,50,NDA,NDA,NDA,NDA,NDA,NDA,NDA,NDA,NDA,NDA,823,43,NDA,1160111.796,1864645.298,41.78428993,"'-87.68851192",66,CHICAGO LAWN,15,8,"(41.78428993, -87.68851192)"
610198,Douglas Taylor Elementary School,ES,9912 S Avenue H,Chicago,IL,60617,(773) 535-6240,http://schoolreports.cps.edu/SchoolProgressReport_Eng/Spring2011Eng_610198.pdf,Lake Calumet Elementary Network,FAR SOUTH SIDE COLLABORATIVE,No,Standard,Not on Probation,Level 2,No,Weak,34,NDA,NDA,Weak,20,Very Weak,1,Weak,NDA,NDA,NDA,Weak,42,Weak,45,95.10%,16.6,94.30%,100.00%,48.9,34.4,28.5,22.3,44.4,44.9,39.7,33.5,56.6,48.9,15.7,18.6,12.4,9.9,"'-0.5","'-0.6",Yellow,Yellow,NDA,NDA,NDA,NDA,NDA,NDA,NDA,NDA,NDA,NDA,NDA,NDA,632,47,NDA,1202756.093,1839915.488,41.71544589,"'-87.53300740",52,EAST SIDE,10,4,"(41.71544589, -87.5330074)"
610533,Dr Jorge Prieto Math and Science,ES,2231 N Central Ave,Chicago,IL,60639,(773) 534-0210,http://schoolreports.cps.edu/SchoolProgressReport_Eng/Spring2011Eng_610533.pdf,Fullerton Elementary Network,NORTH-NORTHWEST SIDE COLLABORATIVE,No,Standard,Not on Probation,Not Enough Data,No,NDA,,NDA,NDA,NDA,,NDA,,Weak,NDA,NDA,NDA,Average,52,Strong,58,94.70%,7.0,96.90%,100.00%,48.4,19.5,33.8,19.9,43.1,55,44.2,30,56.9,47.8,12.1,28.9,14.6,8.6,"'-0.7","'-0.7",Red,Red,17.5,52.9,NDA,NDA,NDA,NDA,NDA,NDA,NDA,NDA,NDA,NDA,1001,29,NDA,1138718.257,1914429.033,41.92131717,"'-87.76574380",19,BELMONT CRAGIN,37,25,"(41.92131717, -87.7657438)"
609751,Dr  Martin Luther King  Jr  College Prep High School,HS,4445 S Drexel Blvd,Chicago,IL,60653,(773) 535-1180,http://schoolreports.cps.edu/SchoolProgressReport_Eng/Spring2011Eng_609751.pdf,South Side High School Network,SOUTH SIDE COLLABORATIVE,No,Standard,Not on Probation,Level 1,No,NDA,,NDA,NDA,NDA,,NDA,,Weak,NDA,NDA,NDA,Strong,56,Average,52,92.90%,4.4,96.30%,100.00%,NDA,NDA,NDA,NDA,NDA,NDA,NDA,NDA,NDA,NDA,NDA,NDA,,,,,NDA,NDA,NDA,NDA,17.4,17.7,17.7,18.1,0.7,20.5,2.8,31.9,75.4,85.1,915,40,91.1,1183114.175,1875544.787,41.81369471,"'-87.60383761",39,KENWOOD,4,2,"(41.81369471, -87.60383761)"
610266,Dumas Technology Academy,ES,6650 S Ellis Ave,Chicago,IL,60637,(773) 535-0750,http://schoolreports.cps.edu/SchoolProgressReport_Eng/Spring2011Eng_610266.pdf,Burnham Park Elementary Network,SOUTH SIDE COLLABORATIVE,No,Standard,Probation,Level 3,No,Very Weak,19,NDA,NDA,Weak,25,Average,49,Weak,NDA,NDA,NDA,Average,48,Average,53,92.50%,38.4,95.60%,98.10%,63.6,12,22,18.8,61.6,63.7,20,22.4,61,53.7,15.9,40.9,8.3,5.8,"'-0.2","'-0.7",Yellow,Yellow,NDA,NDA,NDA,NDA,NDA,NDA,NDA,NDA,NDA,NDA,NDA,NDA,381,46,NDA,1183997.399,1860905.944,41.77350389,"'-87.60105531",42,WOODLAWN,5,3,"(41.77350389, -87.60105531)"
610188,Dunne Technology Academy,ES,10845 S Union Ave,Chicago,IL,60628,(773) 535-5517,http://schoolreports.cps.edu/SchoolProgressReport_Eng/Spring2011Eng_610188.pdf,Rock Island Elementary Network,FAR SOUTH SIDE COLLABORATIVE,No,Track_E,Not on Probation,Level 1,No,Average,46,Average,53,Strong,65,Strong,71,Weak,51,Average,59,Average,49,Average,47,94.60%,22.8,96.40%,100.00%,53.6,38.8,36.3,31.4,55.8,71.1,39.4,37.7,57,49.5,9.6,25,24.7,17.2,2.8,1.8,Green,Green,NDA,NDA,NDA,NDA,NDA,NDA,NDA,NDA,NDA,NDA,NDA,NDA,310,49,NDA,1173617.217,1832764.286,41.69651565,"'-87.63993763",49,ROSELAND,34,22,"(41.69651565, -87.63993763)"
610352,Durkin Park Elementary School,ES,8445 S Kolin Ave,Chicago,IL,60652,(773) 535-2322,http://schoolreports.cps.edu/SchoolProgressReport_Eng/Spring2011Eng_610352.pdf,Midway Elementary Network,SOUTHWEST SIDE COLLABORATIVE,No,Standard,Not on Probation,Level 1,No,Strong,61,Strong,74,Average,57,Average,58,Weak,88,Strong,74,Average,53,Weak,38,95.40%,0.7,95.80%,100.00%,75.6,58.1,36.6,32.3,55.8,65.6,53.4,40.4,61.8,61.5,22.4,40.8,22.0,16.3,0.8,1.5,Green,Green,NDA,NDA,NDA,NDA,NDA,NDA,NDA,NDA,NDA,NDA,NDA,NDA,543,44,NDA,1148934.857,1848010.352,41.73886352,"'-87.72991927",70,ASHBURN,18,8,"(41.73886352, -87.72991927)"
610254,Dvorak Technology Academy,ES,3615 W 16th St,Chicago,IL,60623,(773) 534-1690,http://schoolreports.cps.edu/SchoolProgressReport_Eng/Spring2011Eng_610254.pdf,Austin-North Lawndale Elementary Network,WEST SIDE COLLABORATIVE,No,Standard,Probation,Level 3,No,Average,46,Weak,22,Strong,66,Strong,69,Weak,4,Very Weak,13,NDA,NDA,NDA,NDA,94.20%,4.4,95.40%,100.00%,49,42.3,20.5,22.4,45.8,43.1,25.1,26.3,38.9,53.6,3.6,30.4,11.0,10.4,"'-1.5",0.4,Red,Yellow,20.3,16.7,NDA,NDA,NDA,NDA,NDA,NDA,NDA,NDA,NDA,NDA,556,37,NDA,1152488.851,1891762.257,41.85885599,"'-87.71574626",29,NORTH LAWNDALE,24,10,"(41.85885599, -87.71574626)"
609736,Dyett High School,HS,555 E 51st St,Chicago,IL,60615,(773) 535-1825,http://schoolreports.cps.edu/SchoolProgressReport_Eng/Spring2011Eng_609736.pdf,South Side High School Network,SOUTH SIDE COLLABORATIVE,No,Track_E,Probation,Level 3,No,Weak,27,Very Weak,18,Weak,35,Average,47,Weak,35,Weak,25,NDA,NDA,NDA,NDA,62.50%,24.4,93.50%,100.00%,NDA,NDA,NDA,NDA,NDA,NDA,NDA,NDA,NDA,NDA,NDA,NDA,,,,,NDA,NDA,NDA,NDA,11.6,11.7,13,12.9,1.3,14,1,3.3,33.7,51,318,42,37.1,1180944.201,1871282.832,41.80204982,"'-87.61192836",40,WASHINGTON PARK,4,2,"(41.80204982, -87.61192836)"
610132,Edgar Allan Poe Elementary Classical School,ES,10538 S Langley Ave,Chicago,IL,60628,(773) 535-5525,http://schoolreports.cps.edu/SchoolProgressReport_Eng/Spring2011Eng_610132.pdf,Lake Calumet Elementary Network,FAR SOUTH SIDE COLLABORATIVE,Yes,Standard,Not on Probation,Level 1,No,Very Strong,99,Weak,33,Strong,66,Very Strong,88,Weak,27,Average,41,Strong,55,Average,47,97.60%,0.0,97.20%,100.00%,100,78.3,94,91.6,51.8,65.5,78.6,92.9,53.6,60.7,NDA,NDA,78.8,79.6,1.7,"'-0.2",Green,Yellow,NDA,NDA,NDA,NDA,NDA,NDA,NDA,NDA,NDA,NDA,NDA,NDA,192,48,NDA,1182742.505,1835063.900,41.70261965,"'-87.60645552",50,PULLMAN,9,5,"(41.70261965, -87.60645552)"
609901,Edgebrook Elementary School,ES,6525 N Hiawatha Ave,Chicago,IL,60646,(773) 534-1194,http://schoolreports.cps.edu/SchoolProgressReport_Eng/Spring2011Eng_609901.pdf,O'Hare Elementary Network,NORTH-NORTHWEST SIDE COLLABORATIVE,Yes,Standard,Not on Probation,Level 1,No,Very Strong,99,Very Strong,99,Average,51,Average,53,Weak,66,Strong,70,Strong,56,Weak,39,96.90%,3.4,96.60%,100.00%,96.3,47.6,88.1,74.1,55.2,75.2,80,79.1,54.5,60,50,71.4,60.2,56.8,0.0,0.5,Yellow,Yellow,83.3,64,NDA,NDA,NDA,NDA,NDA,NDA,NDA,NDA,NDA,NDA,468,30,NDA,1139595.896,1942911.685,41.99946016,"'-87.76182110",12,FOREST GLEN,41,16,"(41.99946016, -87.7618211)"
610523,Edison Park Elementary School,ES,6220 N Olcott Ave,Chicago,IL,60631,(773) 534-0960,http://schoolreports.cps.edu/SchoolProgressReport_Eng/Spring2011Eng_610523.pdf,O'Hare Elementary Network,NORTH-NORTHWEST SIDE COLLABORATIVE,Yes,Standard,Not on Probation,Level 1,No,Very Strong,95,NDA,NDA,Average,52,Average,49,Weak,NDA,NDA,NDA,Strong,56,Weak,46,96.10%,6.9,96.60%,98.60%,78.1,NDA,64.2,62.6,54.7,49.1,59.4,61.4,38.8,48.5,40,55,27.7,32.6,"'-0.6","'-0.4",Yellow,Yellow,NDA,NDA,NDA,NDA,NDA,NDA,NDA,NDA,NDA,NDA,NDA,NDA,431,30,NDA,1125476.537,1940915.071,41.99422812,"'-87.81380814",10,NORWOOD PARK,41,16,"(41.99422812, -87.81380814)"
609819,Edmond Burke Elementary School,ES,5356 S King Dr,Chicago,IL,60615,(773) 535-1325,http://schoolreports.cps.edu/SchoolProgressReport_Eng/Spring2011Eng_609819.pdf,Burnham Park Elementary Network,SOUTH SIDE COLLABORATIVE,No,Track_E,Probation,Level 3,No,Very Weak,1,NDA,NDA,Very Weak,13,Weak,22,Weak,NDA,NDA,NDA,Average,48,Average,48,89.30%,82.0,95.50%,96.70%,44.4,57.4,30.3,16.2,40.7,40.4,37.6,24.7,63.3,45.5,3.6,14.3,7.9,4.3,"'-1.4","'-1.9",Red,Red,NDA,NDA,NDA,NDA,NDA,NDA,NDA,NDA,NDA,NDA,NDA,NDA,244,42,NDA,1179801.469,1869357.523,41.79679285,"'-87.61617809",40,WASHINGTON PARK,3,2,"(41.79679285, -87.61617809)"
609815,Edward A Bouchet Math & Science Academy Elementary School,ES,7355 S Jeffery Blvd,Chicago,IL,60649,(773) 535-0501,http://schoolreports.cps.edu/SchoolProgressReport_Eng/Spring2011Eng_609815.pdf,Skyway Elementary Network,SOUTH SIDE COLLABORATIVE,No,Standard,Probation,Level 3,No,Weak,33,Average,57,Average,55,Average,50,Weak,53,Average,58,Average,50,Average,48,92.90%,28.0,95.90%,98.30%,57.6,42.4,13.7,21.7,51.6,44.8,15.7,34.7,48.2,66.5,0,23.7,5.6,7.6,"'-0.2",0.0,Yellow,Yellow,NDA,NDA,NDA,NDA,NDA,NDA,NDA,NDA,NDA,NDA,NDA,NDA,783,46,NDA,1190861.978,1856358.038,41.76086093,"'-87.57603849",43,SOUTH SHORE,5,3,"(41.76086093, -87.57603849)"
610246,Edward Beasley Elementary Magnet Academic Center,ES,5255 S State St,Chicago,IL,60609,(773) 535-1230,http://schoolreports.cps.edu/SchoolProgressReport_Eng/Spring2011Eng_610246.pdf,Burnham Park Elementary Network,SOUTH SIDE COLLABORATIVE,Yes,Standard,Not on Probation,Level 1,No,Average,47,NDA,NDA,Weak,34,Average,48,Weak,NDA,NDA,NDA,Weak,42,Weak,45,95.00%,10.3,94.70%,100.00%,74,54.1,39.8,38.7,43.6,47.5,53.8,55.4,57.3,54.2,27,43,26.4,21.3,0.3,0.3,Yellow,Yellow,38.6,76.8,NDA,NDA,NDA,NDA,NDA,NDA,NDA,NDA,NDA,NDA,1365,42,NDA,1177212.260,1869948.081,41.79847228,"'-87.62565509",40,WASHINGTON PARK,3,2,"(41.79847228, -87.62565509)"
609881,Edward C Delano Elementary School,ES,3937 W Wilcox St,Chicago,IL,60624,(773) 534-6620,http://schoolreports.cps.edu/SchoolProgressReport_Eng/Spring2011Eng_609881.pdf,Garfield-Humboldt Elementary Network,WEST SIDE COLLABORATIVE,No,Track_E,Probation,Level 2,No,Weak,38,Strong,64,Strong,66,Average,52,Weak,63,Strong,79,Strong,55,Strong,58,93.40%,20.3,94.70%,94.70%,88.4,76.7,26.7,18,62.6,62,41.5,32,67.1,69.3,3.4,6.9,6.8,10.9,1.0,1.7,Green,Green,NDA,NDA,NDA,NDA,NDA,NDA,NDA,NDA,NDA,NDA,NDA,NDA,414,34,NDA,1150012.228,1899002.166,41.87877166,"'-87.72464875",26,WEST GARFIELD PARK,28,11,"(41.87877166, -87.72464875)"
609862,Edward Coles Elementary Language Academy,ES,8441 S Yates Blvd,Chicago,IL,60617,(773) 535-6550,http://schoolreports.cps.edu/SchoolProgressReport_Eng/Spring2011Eng_609862.pdf,Skyway Elementary Network,SOUTH SIDE COLLABORATIVE,No,Standard,Probation,Level 2,No,Weak,22,Average,43,Average,40,Average,54,Weak,52,Average,53,Average,50,Average,51,95.10%,24.9,95.00%,98.70%,76.2,60,44.6,26.4,54.7,72.5,45.5,22.4,72.1,52.6,0,11.4,16.7,5.7,1.0,"'-0.1",Green,Yellow,NDA,NDA,NDA,NDA,NDA,NDA,NDA,NDA,NDA,NDA,NDA,NDA,554,47,NDA,1193682.146,1849300.863,41.74142687,"'-87.56593332",46,SOUTH CHICAGO,7,4,"(41.74142687, -87.56593332)"
609909,Edward Everett Elementary School,ES,3419 S Bell Ave,Chicago,IL,60608,(773) 535-4550,http://schoolreports.cps.edu/SchoolProgressReport_Eng/Spring2011Eng_609909.pdf,Pershing Elementary Network,SOUTHWEST SIDE COLLABORATIVE,No,Track_E,Not on Probation,Level 2,No,NDA,,Strong,66,NDA,,NDA,,Weak,47,Average,45,NDA,NDA,NDA,NDA,95.30%,2.4,97.70%,93.80%,64.4,47,37.2,35,56.9,52.2,NDA,NDA,NDA,NDA,NDA,NDA,13.6,13.6,0.6,1.3,Yellow,Green,NDA,NDA,NDA,NDA,NDA,NDA,NDA,NDA,NDA,NDA,NDA,NDA,321,39,NDA,1161955.375,1881878.553,41.83154196,"'-87.68127322",59,MCKINLEY PARK,11,9,"(41.83154196, -87.68127322)"
610012,Edward Jenner Elementary Academy of the Arts,ES,1119 N Cleveland Ave,Chicago,IL,60610,(773) 534-8440,http://schoolreports.cps.edu/SchoolProgressReport_Eng/Spring2011Eng_610012.pdf,Fullerton Elementary Network,NORTH-NORTHWEST SIDE COLLABORATIVE,No,Track_E,Probation,Level 3,No,Average,50,Weak,34,Strong,62,Average,41,Weak,20,Weak,26,Average,49,Average,53,88.90%,16.0,94.80%,98.70%,34.8,21.3,21.9,10.7,42.3,57.7,37.1,14.5,69.4,46.7,4.3,25.5,8.2,1.3,2.0,0.2,Green,Yellow,45.8,31.8,NDA,NDA,NDA,NDA,NDA,NDA,NDA,NDA,NDA,NDA,314,33,NDA,1172718.668,1907660.339,41.90205805,"'-87.64101894",8,NEAR NORTH SIDE,27,18,"(41.90205805, -87.64101894)"
609904,Edward K Ellington Elementary School,ES,243 N Parkside Ave,Chicago,IL,60644,(773) 534-6361,http://schoolreports.cps.edu/SchoolProgressReport_Eng/Spring2011Eng_609904.pdf,Austin-North Lawndale Elementary Network,WEST SIDE COLLABORATIVE,No,Track_E,Probation,Level 2,No,Weak,30,NDA,NDA,Weak,37,Average,55,Weak,NDA,NDA,NDA,Average,49,Average,50,93.30%,17.4,97.30%,98.90%,56.6,46.9,29.5,33.3,60.6,64.5,43.6,29.9,69.3,60.8,11.1,14.8,16.1,8.0,1.9,0.4,Green,Yellow,NDA,NDA,NDA,NDA,NDA,NDA,NDA,NDA,NDA,NDA,NDA,NDA,377,36,NDA,1138584.642,1901378.002,41.88550600,"'-87.76655157",25,AUSTIN,29,15,"(41.885506, -87.76655157)"
610006,Edward N Hurley Elementary School,ES,3849 W 69th Pl,Chicago,IL,60629,(773) 535-2068,http://schoolreports.cps.edu/SchoolProgressReport_Eng/Spring2011Eng_610006.pdf,Midway Elementary Network,SOUTHWEST SIDE COLLABORATIVE,No,Track_E,Not on Probation,Level 1,No,Strong,77,Average,56,Average,50,Average,49,Weak,43,Average,54,Average,49,Weak,46,95.40%,12.2,94.90%,96.60%,74.8,51.7,47.6,32.1,56.6,58.4,47,39.6,54,60.7,19,26.7,16.4,11.7,0.0,0.8,Yellow,Green,NDA,30.3,NDA,NDA,NDA,NDA,NDA,NDA,NDA,NDA,NDA,NDA,830,44,NDA,1151703.802,1858195.038,41.76675830,"'-87.71950804",65,WEST LAWN,13,8,"(41.7667583, -87.71950804)"
609735,Edward Tilden Career Community Academy High School,HS,4747 S Union Ave,Chicago,IL,60609,(773) 535-1625,http://schoolreports.cps.edu/SchoolProgressReport_Eng/Spring2011Eng_609735.pdf,Southwest Side High School Network,SOUTHWEST SIDE COLLABORATIVE,No,Track_E,Probation,Level 2,No,Weak,34,Average,57,Average,45,Weak,37,Weak,54,Weak,35,Average,51,Average,47,78.40%,13.0,95.20%,100.00%,NDA,NDA,NDA,NDA,NDA,NDA,NDA,NDA,NDA,NDA,NDA,NDA,,,,,NDA,NDA,NDA,NDA,11.6,12,12.9,12.9,1.3,13.5,0.6,10.5,41.1,37,461,42,86.5,1172475.474,1873203.826,41.80751207,"'-87.64292985",61,NEW CITY,11,9,"(41.80751207, -87.64292985)"
610315,Edward White Elementary Career Academy,ES,1136 W 122nd St,Chicago,IL,60643,(773) 535-5672,http://schoolreports.cps.edu/SchoolProgressReport_Eng/Spring2011Eng_610315.pdf,Lake Calumet Elementary Network,FAR SOUTH SIDE COLLABORATIVE,No,Track_E,Probation,Level 2,No,Weak,27,NDA,NDA,Average,44,Average,48,Weak,NDA,NDA,NDA,Average,51,Weak,46,93.80%,31.0,96.70%,100.00%,64.9,35.1,16.3,32.6,67.6,47.4,31.6,34.2,57.6,81.8,14.3,28.6,7.4,7.4,1.9,1.2,Green,Yellow,NDA,NDA,NDA,NDA,NDA,NDA,NDA,NDA,NDA,NDA,NDA,NDA,138,49,NDA,1170787.900,1823930.602,41.67233661,"'-87.65055321",53,WEST PULLMAN,34,5,"(41.67233661, -87.65055321)"
609708,Edwin G Foreman High School,HS,3235 N LeClaire Ave,Chicago,IL,60641,(773) 534-3400,http://schoolreports.cps.edu/SchoolProgressReport_Eng/Spring2011Eng_609708.pdf,North-Northwest Side High School Network,NORTH-NORTHWEST SIDE COLLABORATIVE,No,Standard,Probation,Level 3,No,Weak,26,NDA,NDA,Weak,28,Weak,23,Weak,NDA,NDA,NDA,NDA,NDA,NDA,NDA,84.30%,10.3,94.80%,99.60%,NDA,NDA,NDA,NDA,NDA,NDA,NDA,NDA,NDA,NDA,NDA,NDA,,,,,NDA,NDA,NDA,NDA,13,12.7,14.1,13.7,0.7,15.3,1.2,12.5,59.7,40.9,1716,29,75.6,1141833.359,1921189.138,41.93981043,"'-87.75413020",15,PORTAGE PARK,30,16,"(41.93981043, -87.7541302)"
609913,Elaine O Goodlow Elementary Magnet School,ES,2040 W 62nd St,Chicago,IL,60636,(773) 535-9365,http://schoolreports.cps.edu/SchoolProgressReport_Eng/Spring2011Eng_609913.pdf,Englewood-Gresham Elementary Network,SOUTHWEST SIDE COLLABORATIVE,No,Standard,Probation,Level 3,No,Average,44,Average,42,Average,52,Average,56,Weak,35,Weak,28,Weak,46,Weak,46,91.60%,47.5,96.00%,100.00%,77.8,67.9,40.5,26,50.4,67.7,35.4,29.2,61,50,4,8,9.8,8.6,"'-0.2","'-0.3",Yellow,Yellow,NDA,NDA,NDA,NDA,NDA,NDA,NDA,NDA,NDA,NDA,NDA,NDA,419,43,NDA,1163653.744,1863565.274,41.78125258,"'-87.67555599",67,WEST ENGLEWOOD,15,7,"(41.78125258, -87.67555599)"
610233,Elihu Yale Elementary School,ES,7025 S Princeton Ave,Chicago,IL,60621,(773) 535-3190,http://schoolreports.cps.edu/SchoolProgressReport_Eng/Spring2011Eng_610233.pdf,Skyway Elementary Network,SOUTH SIDE COLLABORATIVE,No,Track_E,Probation,Level 3,No,Weak,29,Weak,35,Average,43,Average,50,Weak,NDA,NDA,NDA,Average,49,Average,47,89.70%,67.2,97.00%,100.00%,16.4,6.9,23.3,19.1,39.1,38.2,31.9,15.7,62.5,50,0,12.9,4.5,3.2,"'-0.1","'-1.0",Yellow,Yellow,NDA,NDA,NDA,NDA,NDA,NDA,NDA,NDA,NDA,NDA,NDA,NDA,182,45,NDA,1175551.272,1858262.194,41.76644232,"'-87.63209571",69,GREATER GRAND CROSSING,6,7,"(41.76644232, -87.63209571)"
610227,Eli Whitney Elementary School,ES,2815 S Komensky Ave,Chicago,IL,60623,(773) 534-1560,http://schoolreports.cps.edu/SchoolProgressReport_Eng/Spring2011Eng_610227.pdf,Pilsen-Little Village Elementary Network,WEST SIDE COLLABORATIVE,No,Track_E,Not on Probation,Level 2,Yes,Average,44,NDA,NDA,Average,49,Average,53,Weak,NDA,NDA,NDA,NDA,NDA,NDA,NDA,95.80%,11.6,95.20%,97.60%,68.7,26.5,30.3,26.1,54.5,60.8,41.5,29.2,55.3,54.3,6.8,12.6,15.0,9.4,"'-0.1",0.7,Yellow,Yellow,9.5,NDA,NDA,NDA,NDA,NDA,NDA,NDA,NDA,NDA,NDA,NDA,1133,37,NDA,1149877.980,1884894.804,41.84006197,"'-87.72550840",30,SOUTH LAWNDALE,22,10,"(41.84006197, -87.7255084)"
610195,Elizabeth H Sutherland Elementary School,ES,10015 S Leavitt St,Chicago,IL,60643,(773) 535-2580,http://schoolreports.cps.edu/SchoolProgressReport_Eng/Spring2011Eng_610195.pdf,Rock Island Elementary Network,FAR SOUTH SIDE COLLABORATIVE,No,Standard,Not on Probation,Level 2,No,Very Strong,86,NDA,NDA,Strong,64,Average,59,Weak,NDA,NDA,NDA,Average,50,Weak,40,95.60%,6.8,96.20%,96.00%,87.7,NDA,56.6,72.8,66.5,67.6,66.9,84.7,70.2,68.1,29.3,60.9,37.2,35.7,0.0,"'-0.4",Yellow,Yellow,NDA,NDA,NDA,NDA,NDA,NDA,NDA,NDA,NDA,NDA,NDA,NDA,762,49,NDA,1163512.956,1838118.891,41.71142687,"'-87.67678398",72,BEVERLY,19,22,"(41.71142687, -87.67678398)"
610119,Elizabeth Peabody Elementary School,ES,1444 W Augusta Blvd,Chicago,IL,60622,(773) 534-4170,http://schoolreports.cps.edu/SchoolProgressReport_Eng/Spring2011Eng_610119.pdf,Fulton Elementary Network,WEST SIDE COLLABORATIVE,No,Standard,Not on Probation,Level 2,No,Average,51,Average,58,Average,50,Strong,61,Weak,57,Average,55,Average,52,Average,49,95.20%,7.6,97.00%,100.00%,66.2,NDA,18.4,10.5,32.4,43.5,45,30.4,56.4,46.7,14.3,28.6,9.1,5.9,"'-1.1","'-0.8",Red,Yellow,NDA,NDA,NDA,NDA,NDA,NDA,NDA,NDA,NDA,NDA,NDA,NDA,289,35,NDA,1166416.965,1906812.638,41.89986912,"'-87.66419014",24,WEST TOWN,27,13,"(41.89986912, -87.66419014)"
609852,Eliza Chappell Elementary School,ES,2135 W Foster Ave,Chicago,IL,60625,(773) 534-2390,http://schoolreports.cps.edu/SchoolProgressReport_Eng/Spring2011Eng_609852.pdf,Ravenswood-Ridge Elementary Network,NORTH-NORTHWEST SIDE COLLABORATIVE,Yes,Standard,Not on Probation,Level 1,No,Strong,70,Strong,65,Average,53,Average,51,Weak,56,Average,48,Average,50,Average,52,95.10%,2.9,96.70%,98.90%,72.6,57,56,54.4,55.2,69,53.2,63.9,60,59.8,12.8,41,19.6,17.6,0.4,1.0,Yellow,Green,27.5,63.6,NDA,NDA,NDA,NDA,NDA,NDA,NDA,NDA,NDA,NDA,451,31,NDA,1161016.902,1934466.545,41.97586700,"'-87.68325438",4,LINCOLN SQUARE,47,20,"(41.975867, -87.68325438)"
610235,Ella Flagg Young Elementary School,ES,1434 N Parkside Ave,Chicago,IL,60651,(773) 534-6200,http://schoolreports.cps.edu/SchoolProgressReport_Eng/Spring2011Eng_610235.pdf,Austin-North Lawndale Elementary Network,WEST SIDE COLLABORATIVE,No,Track_E,Not on Probation,Level 2,No,Weak,31,NDA,NDA,Average,44,Average,50,Weak,NDA,NDA,NDA,Weak,44,Average,47,94.30%,3.0,95.40%,100.00%,55.4,29.6,21.3,24.9,44.4,44.3,32.9,28.2,61.5,54.9,11.5,16.1,9.1,8.0,0.1,0.8,Yellow,Green,NDA,NDA,NDA,NDA,NDA,NDA,NDA,NDA,NDA,NDA,NDA,NDA,1111,36,NDA,1138362.536,1909130.405,41.90678358,"'-87.76717934",25,AUSTIN,29,25,"(41.90678358, -87.76717934)"
609682,Ellen H Richards Career Academy High School,HS,5009 S Laflin St,Chicago,IL,60609,(773) 535-4945,http://schoolreports.cps.edu/SchoolProgressReport_Eng/Spring2011Eng_609682.pdf,Southwest Side High School Network,SOUTHWEST SIDE COLLABORATIVE,No,Track_E,Probation,Level 2,No,Weak,30,Weak,23,Weak,32,Very Weak,19,Weak,42,Weak,34,Weak,43,Average,47,90.60%,17.3,95.70%,100.00%,NDA,NDA,NDA,NDA,NDA,NDA,NDA,NDA,NDA,NDA,NDA,NDA,,,,,NDA,NDA,NDA,NDA,11.8,12,13.1,12.8,1,14,0.9,5.5,57.3,43.1,473,42,63.5,1167224.006,1871465.305,41.80285552,"'-87.66224052",61,NEW CITY,16,9,"(41.80285552, -87.66224052)"
610073,Ellen Mitchell Elementary School,ES,2233 W Ohio St,Chicago,IL,60612,(773) 534-7655,http://schoolreports.cps.edu/SchoolProgressReport_Eng/Spring2011Eng_610073.pdf,Fulton Elementary Network,WEST SIDE COLLABORATIVE,Yes,Standard,Not on Probation,Level 1,No,Very Strong,99,Strong,64,Very Strong,95,Very Strong,95,Weak,81,Very Strong,90,Strong,56,Strong,54,95.50%,12.2,97.70%,100.00%,46.7,41.9,53.1,43.9,72.4,75.5,35.5,51.3,55.3,55.3,21.1,26.3,30.1,27.3,"'-0.5","'-0.3",Yellow,Yellow,NDA,NDA,NDA,NDA,NDA,NDA,NDA,NDA,NDA,NDA,NDA,NDA,344,35,NDA,1161269.097,1903925.361,41.89205482,"'-87.68317867",24,WEST TOWN,26,13,"(41.89205482, -87.68317867)"
609712,Emil G Hirsch Metropolitan High School,HS,7740 S Ingleside Ave,Chicago,IL,60619,(773) 535-3100,http://schoolreports.cps.edu/SchoolProgressReport_Eng/Spring2011Eng_609712.pdf,South Side High School Network,SOUTH SIDE COLLABORATIVE,No,Track_E,Probation,Level 3,No,Very Weak,13,Average,46,Weak,28,Weak,28,Weak,52,Average,50,NDA,NDA,NDA,NDA,84.80%,47.1,95.40%,88.00%,NDA,NDA,NDA,NDA,NDA,NDA,NDA,NDA,NDA,NDA,NDA,NDA,,,,,NDA,NDA,NDA,NDA,11.5,11.2,12.9,12.4,0.9,14.1,1.2,10.8,36.2,45.1,458,46,69.5,1183865.127,1853710.216,41.75376120,"'-87.60176452",69,GREATER GRAND CROSSING,8,6,"(41.7537612, -87.60176452)"
609973,Emiliano Zapata Elementary Academy,ES,2728 S Kostner Ave,Chicago,IL,60623,(773) 534-1390,http://schoolreports.cps.edu/SchoolProgressReport_Eng/Spring2011Eng_609973.pdf,Pilsen-Little Village Elementary Network,WEST SIDE COLLABORATIVE,No,Track_E,Not on Probation,Level 2,No,Strong,60,Average,52,Average,43,Average,42,Weak,73,Strong,79,Weak,46,Average,49,96.60%,2.8,96.80%,100.00%,NDA,NDA,51.6,40.3,68.9,76.2,44.5,45.5,60.5,64.3,15.5,35.7,21.6,13.7,"'-0.3",1.2,Yellow,Green,20.2,52.9,NDA,NDA,NDA,NDA,NDA,NDA,NDA,NDA,NDA,NDA,988,37,NDA,1147465.325,1885362.468,41.84139181,"'-87.73434997",30,SOUTH LAWNDALE,22,10,"(41.84139181, -87.73434997)"
610065,Emmett Louis Till Math and Science Academy,ES,6543 S Champlain Ave,Chicago,IL,60637,(773) 535-0570,http://schoolreports.cps.edu/SchoolProgressReport_Eng/Spring2011Eng_610065.pdf,Burnham Park Elementary Network,SOUTH SIDE COLLABORATIVE,No,Track_E,Probation,Level 3,No,Weak,31,Weak,31,Average,47,Average,40,Weak,49,Average,42,Average,47,Average,48,88.00%,95.7,93.30%,90.50%,34.3,NDA,15.8,7.9,39.4,43.1,15.1,15.5,43.6,52.5,4.5,23.3,3.2,3.5,"'-0.4","'-1.6",Yellow,Red,NDA,NDA,NDA,NDA,NDA,NDA,NDA,NDA,NDA,NDA,NDA,NDA,471,46,NDA,1181736.782,1861592.586,41.77544062,"'-87.60932095",42,WOODLAWN,20,3,"(41.77544062, -87.60932095)"
609916,Enrico Fermi Elementary School,ES,1415 E 70th St,Chicago,IL,60637,(773) 535-0540,http://schoolreports.cps.edu/SchoolProgressReport_Eng/Spring2011Eng_609916.pdf,Skyway Elementary Network,SOUTH SIDE COLLABORATIVE,No,Standard,Probation,Level 3,No,Weak,30,Average,42,Strong,65,Strong,63,Weak,42,Average,47,NDA,NDA,NDA,NDA,89.90%,101.2,95.40%,100.00%,43.8,8.3,10.7,18.1,35.9,26.6,6.3,7.9,32.7,32.7,0,11.5,0.6,2.6,"'-1.0","'-1.0",Red,Yellow,NDA,NDA,NDA,NDA,NDA,NDA,NDA,NDA,NDA,NDA,NDA,NDA,238,46,NDA,1186924.786,1858826.102,41.76772772,"'-87.59039017",43,SOUTH SHORE,5,3,"(41.76772772, -87.59039017)"
610203,Enrico Tonti Elementary School,ES,5815 S Homan Ave,Chicago,IL,60629,(773) 535-9280,http://schoolreports.cps.edu/SchoolProgressReport_Eng/Spring2011Eng_610203.pdf,Midway Elementary Network,SOUTHWEST SIDE COLLABORATIVE,No,Track_E,Not on Probation,Level 2,No,NDA,,Average,44,NDA,,NDA,,Weak,47,Average,54,Average,49,Average,49,95.80%,2.1,97.20%,100.00%,73.4,35.7,37.9,24.8,47.9,59.5,NDA,NDA,NDA,NDA,NDA,NDA,17.5,13.0,0.7,0.3,Green,Yellow,NDA,NDA,NDA,NDA,NDA,NDA,NDA,NDA,NDA,NDA,NDA,NDA,1021,44,NDA,1154749.550,1865777.301,41.78750499,"'-87.70814201",63,GAGE PARK,14,8,"(41.78750499, -87.70814201)"
610543,Eric Solorio Academy High School,HS,5400 S St Louis Ave,Chicago,IL,60632,(773) 535-9070,http://schoolreports.cps.edu/SchoolProgressReport_Eng/Spring2011Eng_610543.pdf,AUSL Schools,SOUTHWEST SIDE COLLABORATIVE,NDA,Standard,Not on Probation,Not Enough Data,No,Strong,67,Average,54,Average,53,Strong,63,Weak,62,Strong,64,Average,53,Strong,56,92.20%,3.0,0.00%,100.00%,NDA,NDA,NDA,NDA,NDA,NDA,NDA,NDA,NDA,NDA,NDA,NDA,,,,,NDA,NDA,NDA,NDA,NDA,13.9,NDA,NDA,NDA,NDA,NDA,NDA,NDA,NDA,581,44,85.6,1153924.117,1868568.611,41.79518118,"'-87.71109447",63,GAGE PARK,14,8,"(41.79518118, -87.71109447)"
610137,Ernst Prussing Elementary School,ES,4650 N Menard Ave,Chicago,IL,60630,(773) 534-3460,http://schoolreports.cps.edu/SchoolProgressReport_Eng/Spring2011Eng_610137.pdf,O'Hare Elementary Network,NORTH-NORTHWEST SIDE COLLABORATIVE,No,Standard,Not on Probation,Level 2,No,Strong,71,NDA,NDA,Average,49,Average,42,Weak,NDA,NDA,NDA,Weak,43,Weak,44,95.40%,23.4,96.00%,98.50%,84.6,NDA,55.4,54,48.3,58.2,56,57.4,52.3,46.3,47.2,75.5,31.4,24.5,"'-0.8","'-0.1",Red,Yellow,NDA,NDA,NDA,NDA,NDA,NDA,NDA,NDA,NDA,NDA,NDA,NDA,672,30,NDA,1136787.381,1930557.622,41.96561054,"'-87.77245066",15,PORTAGE PARK,45,16,"(41.96561054, -87.77245066)"
609908,Esmond Elementary School,ES,1865 W Montvale,Chicago,IL,60643,(773) 535-2650,http://schoolreports.cps.edu/SchoolProgressReport_Eng/Spring2011Eng_609908.pdf,Rock Island Elementary Network,FAR SOUTH SIDE COLLABORATIVE,No,Track_E,Probation,Level 2,No,Weak,36,NDA,NDA,Average,49,Average,43,Weak,NDA,NDA,NDA,Average,49,Average,50,92.90%,34.0,95.70%,100.00%,77.6,38.8,33.3,26.3,52,47.5,32,22.1,55.2,37.5,8.6,17.1,8.9,7.7,0.9,"'-0.4",Green,Yellow,NDA,NDA,NDA,NDA,NDA,NDA,NDA,NDA,NDA,NDA,NDA,NDA,342,49,NDA,1165656.136,1830105.142,41.68939069,"'-87.66916143",75,MORGAN PARK,19,22,"(41.68939069, -87.66916143)"
609918,Eugene Field Elementary School,ES,7019 N Ashland Ave,Chicago,IL,60626,(773) 534-2030,http://schoolreports.cps.edu/SchoolProgressReport_Eng/Spring2011Eng_609918.pdf,Ravenswood-Ridge Elementary Network,NORTH-NORTHWEST SIDE COLLABORATIVE,No,Standard,Not on Probation,Level 2,No,Average,42,Weak,33,Average,47,Weak,37,Weak,21,Very Weak,8,Weak,44,Average,53,96.80%,10.0,96.70%,100.00%,NDA,NDA,23.9,24.3,49.4,51.4,48.4,36.4,70.3,53.2,7.4,13,9.8,7.9,"'-0.2",0.1,Yellow,Yellow,45.6,20,NDA,NDA,NDA,NDA,NDA,NDA,NDA,NDA,NDA,NDA,375,32,NDA,1164539.561,1946810.338,42.00966462,"'-87.66994862",1,ROGERS PARK,49,24,"(42.00966462, -87.66994862)"
609874,Everett McKinley Dirksen Elementary School,ES,8601 W Foster Ave,Chicago,IL,60656,(773) 534-1090,http://schoolreports.cps.edu/SchoolProgressReport_Eng/Spring2011Eng_609874.pdf,O'Hare Elementary Network,NORTH-NORTHWEST SIDE COLLABORATIVE,No,Track_E,Not on Probation,Level 1,No,Average,44,NDA,NDA,Very Weak,12,Very Weak,1,Weak,NDA,NDA,NDA,NDA,NDA,NDA,NDA,95.90%,2.7,96.20%,93.80%,69.9,45.8,65.1,56.9,55.5,55.2,51.9,45.1,45.6,40.7,22.5,35.2,32.8,25.5,"'-0.5","'-0.1",Yellow,Yellow,6.2,NDA,NDA,NDA,NDA,NDA,NDA,NDA,NDA,NDA,NDA,NDA,786,30,NDA,1118113.731,1933386.151,41.97368728,"'-87.84105162",76,OHARE,41,16,"(41.97368728, -87.84105162)"
610319,Evergreen Academy Middle School,MS,3537 S Paulina St,Chicago,IL,60609,(773) 535-4836,http://schoolreports.cps.edu/SchoolProgressReport_Eng/Spring2011Eng_610319.pdf,Pershing Elementary Network,SOUTHWEST SIDE COLLABORATIVE,No,Track_E,Not on Probation,Level 2,No,Strong,60,Average,58,Average,47,Average,44,Weak,59,Strong,65,Weak,43,Average,48,96.10%,5.5,97.40%,100.00%,NDA,NDA,NDA,NDA,NDA,NDA,37.6,31.6,54.4,57.5,13.3,21.7,11.5,9.3,"'-0.3","'-0.5",Yellow,Yellow,37.8,43.2,NDA,NDA,NDA,NDA,NDA,NDA,NDA,NDA,NDA,NDA,389,39,NDA,1165638.817,1881113.479,41.82936500,"'-87.66778007",59,MCKINLEY PARK,11,9,"(41.829365, -87.66778007)"
610057,Fairfield Elementary Academy,ES,6201 S Fairfield Ave,Chicago,IL,60629,(773) 535-9500,http://schoolreports.cps.edu/SchoolProgressReport_Eng/Spring2011Eng_610057.pdf,Midway Elementary Network,SOUTHWEST SIDE COLLABORATIVE,No,Track_E,Probation,Level 3,No,Weak,31,Weak,24,Average,41,Weak,34,Weak,45,Weak,25,NDA,NDA,NDA,NDA,93.40%,43.4,93.30%,98.60%,49,36.8,15.9,11.1,27.3,42,20.5,17.8,44.7,35.8,0,12.5,4.1,4.3,0.1,"'-0.7",Yellow,Yellow,16.1,NDA,NDA,NDA,NDA,NDA,NDA,NDA,NDA,NDA,NDA,NDA,604,43,NDA,1159148.629,1863391.057,41.78086789,"'-87.69207758",66,CHICAGO LAWN,15,8,"(41.78086789, -87.69207758)"
610541,Federico Garcia Lorca Elementary School,ES,3231 N Springfield Ave,Chicago,IL,60618,(773) 534-0950,http://schoolreports.cps.edu/SchoolProgressReport_Eng/Spring2011Eng_610541.pdf,Fullerton Elementary Network,NORTH-NORTHWEST SIDE COLLABORATIVE,No,Standard,Not on Probation,Not Enough Data,No,Average,53,Average,58,Average,53,Average,58,Weak,74,Very Strong,82,Average,51,Strong,59,96.80%,43.8,0.00%,100.00%,63,41.7,39.1,25.6,51.5,63.8,37.8,27.3,72.2,52.3,7.7,25,8.9,7.5,"'-1.0","'-0.1",Red,Yellow,39.4,42.3,NDA,NDA,NDA,NDA,NDA,NDA,NDA,NDA,NDA,NDA,860,29,NDA,1149828.059,1921320.477,41.94001885,"'-87.72474354",21,AVONDALE,30,17,"(41.94001885, -87.72474354)"
610308,Wilma Rudolph Elementary Learning Center,ES,110 N Paulina St,Chicago,IL,60612,(773) 534-7460,http://schoolreports.cps.edu/SchoolProgressReport_Eng/Spring2011Eng_610308.pdf,Fulton Elementary Network,WEST SIDE COLLABORATIVE,NDA,Standard,Not Applicable,Not Enough Data,No,NDA,,NDA,NDA,NDA,,NDA,,Weak,NDA,NDA,NDA,Strong,57,Strong,60,80.00%,0.0,95.60%,100.00%,NDA,NDA,NDA,NDA,NDA,NDA,NDA,NDA,NDA,NDA,NDA,NDA,,,,,NDA,NDA,NDA,NDA,NDA,NDA,NDA,NDA,NDA,NDA,NDA,NDA,NDA,NDA,100,38,NDA,1165013.632,1900863.727,41.88357478,"'-87.66951363",28,NEAR WEST SIDE,27,13,"(41.88357478, -87.66951363)"
610120,Ferdinand Peck Elementary School,ES,3826 W 58th St,Chicago,IL,60629,(773) 535-2450,http://schoolreports.cps.edu/SchoolProgressReport_Eng/Spring2011Eng_610120.pdf,Midway Elementary Network,SOUTHWEST SIDE COLLABORATIVE,No,Track_E,Not on Probation,Level 1,No,Average,51,Average,43,Average,43,Average,47,Weak,32,Weak,37,Weak,44,Weak,43,96.30%,1.2,97.20%,96.90%,74.4,59,50.8,31.3,53.3,69.5,44,40.2,71.4,64.1,24.1,38.6,23.2,13.8,0.7,1.1,Green,Green,17.8,87.5,NDA,NDA,NDA,NDA,NDA,NDA,NDA,NDA,NDA,NDA,1560,44,NDA,1151726.720,1865909.055,41.78792632,"'-87.71922211",62,WEST ELSDON,13,8,"(41.78792632, -87.71922211)"
609917,Fernwood Elementary School,ES,10041 S Union Ave,Chicago,IL,60628,(773) 535-2700,http://schoolreports.cps.edu/SchoolProgressReport_Eng/Spring2011Eng_609917.pdf,Rock Island Elementary Network,FAR SOUTH SIDE COLLABORATIVE,No,Track_E,Probation,Level 3,No,Weak,29,Weak,37,Very Weak,17,Average,43,Weak,39,Average,50,Average,48,Average,53,93.40%,29.0,96.10%,100.00%,70.5,43.3,22.5,12.7,35.2,55.4,31.1,20.4,38.7,34.8,15.6,34.4,12.4,7.8,"'-0.7","'-1.7",Red,Red,NDA,NDA,NDA,NDA,NDA,NDA,NDA,NDA,NDA,NDA,NDA,NDA,344,49,NDA,1173454.065,1838113.389,41.71119799,"'-87.64037740",73,WASHINGTON HEIGHTS,34,22,"(41.71119799, -87.6403774)"
610258,Florence B Price Elementary School,ES,4351 S Drexel Blvd,Chicago,IL,60653,(773) 535-1300,http://schoolreports.cps.edu/SchoolProgressReport_Eng/Spring2011Eng_610258.pdf,Burnham Park Elementary Network,SOUTH SIDE COLLABORATIVE,No,Standard,Probation,Level 3,No,Weak,20,NDA,NDA,Weak,37,Average,46,Weak,NDA,NDA,NDA,Weak,46,Average,47,90.00%,156.6,95.20%,100.00%,NDA,NDA,10,13.5,46.9,41.7,7.8,27.3,44.6,50.7,0,6.9,0.0,0.7,"'-1.6","'-0.2",Red,Yellow,NDA,NDA,NDA,NDA,NDA,NDA,NDA,NDA,NDA,NDA,NDA,NDA,112,40,NDA,1183099.293,1876145.197,41.81534262,"'-87.60387350",39,KENWOOD,4,2,"(41.81534262, -87.6038735)"
610096,Florence Nightingale Elementary School,ES,5250 S Rockwell St,Chicago,IL,60632,(773) 535-9270,http://schoolreports.cps.edu/SchoolProgressReport_Eng/Spring2011Eng_610096.pdf,Midway Elementary Network,SOUTHWEST SIDE COLLABORATIVE,No,Track_E,Not on Probation,Level 2,No,Weak,35,Average,54,Average,40,Average,48,Weak,68,Strong,72,Average,48,Average,48,95.60%,9.4,95.80%,99.40%,57.1,35.1,38.7,25.6,48.7,61.6,32.4,29.1,47.7,54.1,10.7,17.4,11.3,8.2,"'-0.8","'-1.2",Red,Red,23.3,32.1,NDA,NDA,NDA,NDA,NDA,NDA,NDA,NDA,NDA,NDA,1382,43,NDA,1159893.892,1869545.120,41.79774019,"'-87.68917624",63,GAGE PARK,14,9,"(41.79774019, -87.68917624)"
609924,Fort Dearborn Elementary School,ES,9025 S Throop St,Chicago,IL,60620,(773) 535-2680,http://schoolreports.cps.edu/SchoolProgressReport_Eng/Spring2011Eng_609924.pdf,Rock Island Elementary Network,FAR SOUTH SIDE COLLABORATIVE,No,Standard,Not on Probation,Level 2,No,Weak,34,NDA,NDA,Strong,61,Strong,71,Weak,NDA,NDA,NDA,Average,47,Average,50,93.40%,24.5,95.90%,100.00%,60.1,48.3,36.6,35.8,52,64.5,69.4,44.2,74.7,70.2,7,33.3,25.2,14.1,1.4,0.1,Green,Yellow,NDA,NDA,NDA,NDA,NDA,NDA,NDA,NDA,NDA,NDA,NDA,NDA,478,49,NDA,1169287.183,1844810.538,41.72966698,"'-87.65544435",73,WASHINGTON HEIGHTS,21,22,"(41.72966698, -87.65544435)"
609927,Foster Park Elementary School,ES,8530 S Wood St,Chicago,IL,60620,(773) 535-2725,http://schoolreports.cps.edu/SchoolProgressReport_Eng/Spring2011Eng_609927.pdf,Englewood-Gresham Elementary Network,SOUTHWEST SIDE COLLABORATIVE,No,Standard,Probation,Level 3,No,Very Weak,11,Average,41,Weak,20,Weak,22,Weak,50,Average,46,Weak,46,Average,48,93.70%,33.6,94.70%,97.10%,NDA,59.1,23.4,17.1,41.2,40.3,29.2,15.9,45.1,29.3,4,25.5,8.0,5.7,"'-1.1","'-2.1",Red,Red,NDA,NDA,NDA,NDA,NDA,NDA,NDA,NDA,NDA,NDA,NDA,NDA,418,43,NDA,1165798.179,1847975.278,41.73842620,"'-87.66813597",71,AUBURN GRESHAM,18,6,"(41.7384262, -87.66813597)"
610215,Francisco I Madero Middle School,MS,3202 W 28th St,Chicago,IL,60623,(773) 535-4466,http://schoolreports.cps.edu/SchoolProgressReport_Eng/Spring2011Eng_610215.pdf,Pilsen-Little Village Elementary Network,WEST SIDE COLLABORATIVE,No,Track_E,Probation,Level 2,Yes,Average,49,Weak,32,Average,48,Average,47,Weak,49,Weak,34,Average,47,Average,52,95.10%,7.1,97.00%,100.00%,NDA,NDA,NDA,NDA,NDA,NDA,28.5,28.4,34.3,54.5,10.5,25.3,15.1,4.9,"'-1.1","'-0.7",Red,Yellow,16.5,50,NDA,NDA,NDA,NDA,NDA,NDA,NDA,NDA,NDA,NDA,314,37,NDA,1155440.547,1885270.824,41.84098398,"'-87.70508585",30,SOUTH LAWNDALE,22,10,"(41.84098398, -87.70508585)"
610067,Francis M McKay Elementary School,ES,6901 S Fairfield Ave,Chicago,IL,60629,(773) 535-9340,http://schoolreports.cps.edu/SchoolProgressReport_Eng/Spring2011Eng_610067.pdf,Midway Elementary Network,SOUTHWEST SIDE COLLABORATIVE,No,Track_E,Probation,Level 3,No,Weak,23,Average,48,Weak,37,Average,54,Weak,67,Strong,61,Average,48,Average,51,93.50%,9.1,95.10%,100.00%,51.4,34.2,16,13,33.2,47.6,23.4,21.6,59.1,47.5,5.1,13.9,5.7,5.7,"'-0.6",0.2,Red,Yellow,NDA,NDA,NDA,NDA,NDA,NDA,NDA,NDA,NDA,NDA,NDA,NDA,891,43,NDA,1159272.821,1858741.621,41.76810662,"'-87.69174944",66,CHICAGO LAWN,18,8,"(41.76810662, -87.69174944)"
610114,Francis Parkman Elementary School,ES,245 W 51st St,Chicago,IL,60609,(773) 535-1739,http://schoolreports.cps.edu/SchoolProgressReport_Eng/Spring2011Eng_610114.pdf,Pershing Elementary Network,SOUTHWEST SIDE COLLABORATIVE,No,Track_E,Probation,Level 3,No,Weak,38,Weak,25,Average,45,Weak,39,Weak,20,Weak,28,NDA,NDA,NDA,NDA,90.60%,20.7,95.30%,100.00%,62.2,35.9,15.1,5.9,48.8,34.1,14.8,15.8,39.3,43.4,6.3,12.5,4.6,3.1,"'-0.3","'-0.4",Yellow,Yellow,NDA,NDA,NDA,NDA,NDA,NDA,NDA,NDA,NDA,NDA,NDA,NDA,224,42,NDA,1175207.047,1871107.604,41.80169919,"'-87.63297392",37,FULLER PARK,3,9,"(41.80169919, -87.63297392)"
610020,Francis Scott Key Elementary School,ES,517 N Parkside Ave,Chicago,IL,60644,(773) 534-6230,http://schoolreports.cps.edu/SchoolProgressReport_Eng/Spring2011Eng_610020.pdf,Austin-North Lawndale Elementary Network,WEST SIDE COLLABORATIVE,No,Track_E,Probation,Level 2,No,Weak,37,NDA,NDA,Average,49,Strong,64,Weak,NDA,NDA,NDA,Weak,44,Weak,45,91.90%,39.6,94.00%,100.00%,54.5,44.4,27.2,26.3,59.8,55.1,26.9,25.9,69.4,63.3,7.5,7.5,11.3,5.9,0.9,1.5,Green,Green,NDA,NDA,NDA,NDA,NDA,NDA,NDA,NDA,NDA,NDA,NDA,NDA,301,36,NDA,1138633.137,1902956.198,41.88983589,"'-87.76633519",25,AUSTIN,29,15,"(41.88983589, -87.76633519)"
610112,Francis W Parker Elementary Community Academy,ES,6800 S Stewart Ave,Chicago,IL,60621,(773) 535-3375,http://schoolreports.cps.edu/SchoolProgressReport_Eng/Spring2011Eng_610112.pdf,Englewood-Gresham Elementary Network,SOUTHWEST SIDE COLLABORATIVE,No,Standard,Not on Probation,Level 2,No,Weak,30,NDA,NDA,Average,53,Average,57,Weak,NDA,NDA,NDA,Average,48,Average,51,91.90%,39.0,94.90%,98.60%,NDA,30.9,25.6,14.2,39.6,55.7,25.3,27.3,60,60,7.7,14.1,8.4,6.5,0.4,0.0,Yellow,Yellow,10.6,NDA,NDA,NDA,NDA,NDA,NDA,NDA,NDA,NDA,NDA,NDA,808,45,NDA,1174661.546,1859841.533,41.77079606,"'-87.63530990",68,ENGLEWOOD,6,7,"(41.77079606, -87.6353099)"
609800,Frank I Bennett Elementary School,ES,10115 S Prairie Ave,Chicago,IL,60628,(773) 535-5460,http://schoolreports.cps.edu/SchoolProgressReport_Eng/Spring2011Eng_609800.pdf,Rock Island Elementary Network,FAR SOUTH SIDE COLLABORATIVE,No,Standard,Probation,Level 3,No,Average,46,Average,46,Average,55,Strong,66,Weak,55,Average,56,Average,47,Weak,45,92.50%,6.5,95.90%,100.00%,57.2,41.9,35.3,27.4,56.2,56.7,55.2,34.2,60.5,58.6,10,40,13.7,8.4,0.7,0.1,Green,Yellow,NDA,NDA,NDA,NDA,NDA,NDA,NDA,NDA,NDA,NDA,NDA,NDA,504,48,NDA,1179742.916,1837880.076,41.71041656,"'-87.61735342",49,ROSELAND,9,5,"(41.71041656, -87.61735342)"
609939,Frank L Gillespie Elementary School,ES,9301 S State St,Chicago,IL,60619,(773) 535-5065,http://schoolreports.cps.edu/SchoolProgressReport_Eng/Spring2011Eng_609939.pdf,Rock Island Elementary Network,FAR SOUTH SIDE COLLABORATIVE,No,Standard,Probation,Level 2,No,Weak,27,NDA,NDA,Weak,30,Average,45,Weak,NDA,NDA,NDA,NDA,NDA,NDA,NDA,91.90%,2.1,96.30%,98.80%,55.1,33.6,24.7,24,50.7,58.7,36.8,33.8,53.2,52.8,8.1,16.2,7.6,5.6,0.2,0.2,Yellow,Yellow,NDA,NDA,NDA,NDA,NDA,NDA,NDA,NDA,NDA,NDA,NDA,NDA,609,48,NDA,1177970.337,1843287.805,41.72529635,"'-87.62368165",49,ROSELAND,6,6,"(41.72529635, -87.62368165)"
609926,Franklin Elementary Fine Arts Center,ES,225 W Evergreen Ave,Chicago,IL,60610,(773) 534-8510,http://schoolreports.cps.edu/SchoolProgressReport_Eng/Spring2011Eng_609926.pdf,Fullerton Elementary Network,NORTH-NORTHWEST SIDE COLLABORATIVE,Yes,Standard,Not on Probation,Level 1,No,Very Strong,87,NDA,NDA,Strong,60,Average,55,Weak,NDA,NDA,NDA,Strong,58,Average,48,95.90%,5.6,95.30%,100.00%,72.7,42.6,74.1,66.9,50,53.1,70.2,71.3,56.4,54.8,33.3,63.6,55.1,50.2,0.8,1.4,Green,Green,NDA,NDA,NDA,NDA,NDA,NDA,NDA,NDA,NDA,NDA,NDA,NDA,363,33,NDA,1174204.012,1909317.563,41.90657253,"'-87.63551360",8,NEAR NORTH SIDE,43,18,"(41.90657253, -87.6355136)"
609958,Frank W Gunsaulus Elementary Scholastic Academy,ES,4420 S Sacramento Ave,Chicago,IL,60632,(773) 535-7215,http://schoolreports.cps.edu/SchoolProgressReport_Eng/Spring2011Eng_609958.pdf,Pershing Elementary Network,SOUTHWEST SIDE COLLABORATIVE,No,Standard,Not on Probation,Level 1,No,Average,46,Weak,38,Weak,30,Average,45,Weak,34,Very Weak,14,Average,49,Average,48,96.60%,87.3,96.00%,100.00%,72.8,61.1,44,32.7,48.2,59.2,56.3,51.1,56.5,59.6,27.4,42.4,24.0,18.1,0.6,1.7,Green,Green,22.4,100,NDA,NDA,NDA,NDA,NDA,NDA,NDA,NDA,NDA,NDA,867,39,NDA,1157065.026,1875083.270,41.81299531,"'-87.69940042",58,BRIGHTON PARK,14,9,"(41.81299531, -87.69940042)"
610144,Frank W Reilly Elementary School,ES,3650 W School St,Chicago,IL,60618,(773) 534-5250,http://schoolreports.cps.edu/SchoolProgressReport_Eng/Spring2011Eng_610144.pdf,Fullerton Elementary Network,NORTH-NORTHWEST SIDE COLLABORATIVE,No,Standard,Probation,Level 2,No,Average,48,NDA,NDA,Weak,33,Weak,34,Weak,NDA,NDA,NDA,Average,48,Average,51,97.00%,8.7,96.70%,100.00%,77.8,40.1,39.5,27,63.2,62.7,48.7,33.2,62.7,59.2,11.6,30.3,15.5,9.8,0.2,0.5,Yellow,Yellow,22.5,69,NDA,NDA,NDA,NDA,NDA,NDA,NDA,NDA,NDA,NDA,1195,29,NDA,1151243.469,1921732.413,41.94112155,"'-87.71953058",21,AVONDALE,35,17,"(41.94112155, -87.71953058)"
610165,Franz Peter Schubert Elementary School,ES,2727 N Long Ave,Chicago,IL,60639,(773) 534-3080,http://schoolreports.cps.edu/SchoolProgressReport_Eng/Spring2011Eng_610165.pdf,Fullerton Elementary Network,NORTH-NORTHWEST SIDE COLLABORATIVE,No,Track_E,Probation,Level 3,No,NDA,,Weak,31,NDA,,NDA,,Weak,32,Weak,26,Average,47,Average,49,95.80%,2.1,97.00%,100.00%,73.2,35.9,37.4,27.3,49.5,56.4,NDA,NDA,NDA,NDA,NDA,NDA,10.6,10.2,"'-0.2","'-1.1",Yellow,Red,NDA,NDA,NDA,NDA,NDA,NDA,NDA,NDA,NDA,NDA,NDA,NDA,949,29,NDA,1139945.571,1917742.002,41.93038593,"'-87.76115305",19,BELMONT CRAGIN,31,25,"(41.93038593, -87.76115305)"
610503,Frazier Prospective IB Magnet Elementary School,ES,4027 W Grenshaw St,Chicago,IL,60624,(773) 534-6880,http://schoolreports.cps.edu/SchoolProgressReport_Eng/Spring2011Eng_610503.pdf,Austin-North Lawndale Elementary Network,WEST SIDE COLLABORATIVE,Yes,Track_E,Not on Probation,Level 1,No,Strong,60,Average,55,Very Strong,84,Strong,72,Weak,42,Average,55,Strong,66,Strong,65,96.80%,7.2,96.60%,100.00%,81.3,68.8,71.6,48.6,64.9,71.6,76.2,61.9,87.3,82.5,5,30,37.6,25.4,1.6,1.9,Green,Green,NDA,NDA,NDA,NDA,NDA,NDA,NDA,NDA,NDA,NDA,NDA,NDA,220,36,NDA,1149588.241,1894694.332,41.86695871,"'-87.72631742",29,NORTH LAWNDALE,24,11,"(41.86695871, -87.72631742)"
609854,Frederic Chopin Elementary School,ES,2450 W Rice St,Chicago,IL,60622,(773) 534-4080,http://schoolreports.cps.edu/SchoolProgressReport_Eng/Spring2011Eng_609854.pdf,Fulton Elementary Network,WEST SIDE COLLABORATIVE,Yes,Standard,Not on Probation,Level 1,No,Very Strong,86,Very Strong,99,Very Strong,99,Very Strong,99,Weak,97,Very Strong,99,Average,49,Average,49,96.90%,1.7,96.00%,100.00%,67.5,59.7,59.8,41.5,59.8,72,59.3,56.3,67.4,70.1,60.6,45.5,57.6,47.6,3.1,4.9,Green,Green,NDA,NDA,NDA,NDA,NDA,NDA,NDA,NDA,NDA,NDA,NDA,NDA,269,35,NDA,1159698.085,1905621.056,41.89674048,"'-87.68890154",24,WEST TOWN,1,13,"(41.89674048, -87.68890154)"
610245,Frederick A Douglass Academy High School,HS,543 N Waller Ave,Chicago,IL,60644,(773) 534-6176,http://schoolreports.cps.edu/SchoolProgressReport_Eng/Spring2011Eng_610245.pdf,West Side High School Network,WEST SIDE COLLABORATIVE,No,Standard,Probation,Level 3,No,Average,44,NDA,NDA,Weak,39,Weak,37,Weak,NDA,NDA,NDA,Average,50,Weak,44,79.20%,28.0,94.70%,100.00%,NDA,NDA,NDA,NDA,NDA,NDA,NDA,NDA,NDA,NDA,NDA,NDA,,,,,NDA,NDA,NDA,NDA,13,12.3,13.8,13.5,0.5,14.8,1,5.1,52.8,39.5,354,36,77.1,1138278.715,1903151.591,41.89037849,"'-87.76763207",25,AUSTIN,29,15,"(41.89037849, -87.76763207)"
609930,Frederick Funston Elementary School,ES,2010 N Central Park,Chicago,IL,60647,(773) 534-4125,http://schoolreports.cps.edu/SchoolProgressReport_Eng/Spring2011Eng_609930.pdf,Fullerton Elementary Network,NORTH-NORTHWEST SIDE COLLABORATIVE,No,Track_E,Probation,Level 3,No,Very Weak,16,NDA,NDA,Very Weak,14,Very Weak,16,Weak,NDA,NDA,NDA,Weak,40,Average,47,94.70%,16.8,95.40%,100.00%,65.1,40.2,18.2,17.4,32.6,48.3,26.1,26.8,46.4,41.8,18.2,31.8,12.2,5.8,"'-2.1","'-1.1",Red,Red,NDA,NDA,NDA,NDA,NDA,NDA,NDA,NDA,NDA,NDA,NDA,NDA,619,34,NDA,1152012.963,1913173.956,41.91762127,"'-87.71692852",22,LOGAN SQUARE,26,25,"(41.91762127, -87.71692852)"
610163,Frederick Stock Elementary School,ES,7507 W Birchwood Ave,Chicago,IL,60631,(773) 534-1215,http://schoolreports.cps.edu/SchoolProgressReport_Eng/Spring2011Eng_610163.pdf,O'Hare Elementary Network,NORTH-NORTHWEST SIDE COLLABORATIVE,NDA,Standard,NDA,NDA,No,NDA,,Very Strong,99,NDA,,NDA,,Weak,84,Very Strong,81,Strong,69,Strong,63,72.40%,0.0,95.70%,100.00%,NDA,NDA,NDA,NDA,NDA,NDA,NDA,NDA,NDA,NDA,NDA,NDA,,,,,NDA,NDA,NDA,NDA,NDA,NDA,NDA,NDA,NDA,NDA,NDA,NDA,NDA,NDA,260,30,NDA,1125318.193,1949163.026,42.01686390,"'-87.81420664",9,EDISON PARK,41,16,"(42.0168639, -87.81420664)"
610010,Friedrich Ludwig Jahn Elementary School,ES,3149 N Wolcott Ave,Chicago,IL,60657,(773) 534-5500,http://schoolreports.cps.edu/SchoolProgressReport_Eng/Spring2011Eng_610010.pdf,Ravenswood-Ridge Elementary Network,NORTH-NORTHWEST SIDE COLLABORATIVE,No,Standard,Not on Probation,Level 2,No,Strong,72,NDA,NDA,Strong,60,Average,59,Weak,NDA,NDA,NDA,Average,50,Weak,46,94.70%,19.9,94.70%,100.00%,59.4,36.2,41.4,40.6,47.9,48.9,30.2,45.5,40.6,58.7,13.5,32.4,23.9,15.2,0.3,0.0,Yellow,Yellow,NDA,NDA,NDA,NDA,NDA,NDA,NDA,NDA,NDA,NDA,NDA,NDA,495,33,NDA,1163153.671,1921136.530,41.93924404,"'-87.67577282",5,NORTH CENTER,32,19,"(41.93924404, -87.67577282)"
609737,Friedrich W von Steuben Metropolitan Science High School,HS,5039 N Kimball Ave,Chicago,IL,60625,(773) 534-5100,http://schoolreports.cps.edu/SchoolProgressReport_Eng/Spring2011Eng_609737.pdf,North-Northwest Side High School Network,NORTH-NORTHWEST SIDE COLLABORATIVE,No,Standard,Not on Probation,Level 2,No,Strong,70,Weak,39,Average,42,Average,51,Weak,26,Weak,29,NDA,NDA,NDA,NDA,87.00%,4.0,95.60%,99.20%,NDA,NDA,NDA,NDA,NDA,NDA,NDA,NDA,NDA,NDA,NDA,NDA,,,,,NDA,NDA,NDA,NDA,15.9,15.7,17.3,16.7,0.8,20.4,3.1,34.6,88.2,78.5,1636,31,76.8,1152840.522,1933431.315,41.97319260,"'-87.71334969",13,NORTH PARK,39,17,"(41.9731926, -87.71334969)"
609709,Gage Park High School,HS,5630 S Rockwell St,Chicago,IL,60629,(773) 535-9230,http://schoolreports.cps.edu/SchoolProgressReport_Eng/Spring2011Eng_609709.pdf,Southwest Side High School Network,SOUTHWEST SIDE COLLABORATIVE,No,Track_E,Probation,Level 3,No,Very Weak,14,Average,43,Weak,29,Weak,37,Weak,38,Weak,35,NDA,NDA,NDA,NDA,72.50%,19.5,94.00%,99.10%,NDA,NDA,NDA,NDA,NDA,NDA,NDA,NDA,NDA,NDA,NDA,NDA,,,,,NDA,NDA,NDA,NDA,12.4,12,13.8,13.6,1.2,14.1,0.3,7.9,52.8,40.3,1052,43,46,1159962.875,1867094.347,41.79101352,"'-87.68899064",63,GAGE PARK,16,8,"(41.79101352, -87.68899064)"
610009,Galileo Math & Science Scholastic Academy Elementary School,ES,820 S Carpenter St,Chicago,IL,60607,(773) 534-7070,http://schoolreports.cps.edu/SchoolProgressReport_Eng/Spring2011Eng_610009.pdf,Fulton Elementary Network,WEST SIDE COLLABORATIVE,Yes,Standard,Not on Probation,Level 1,No,Strong,65,Average,52,Average,40,Average,42,Weak,56,Weak,33,Average,49,Average,50,95.00%,3.1,97.00%,100.00%,77.3,60.5,54.7,55.4,68.7,68.2,55.6,59.5,66.3,56.6,33.3,41.7,26.5,22.3,"'-1.0","'-0.8",Red,Red,33.3,78.9,NDA,NDA,NDA,NDA,NDA,NDA,NDA,NDA,NDA,NDA,606,38,NDA,1169436.562,1896405.606,41.87124634,"'-87.65340205",28,NEAR WEST SIDE,25,12,"(41.87124634, -87.65340205)"
610072,Garrett A Morgan Elementary School,ES,8407 S Kerfoot Ave,Chicago,IL,60620,(773) 535-3366,http://schoolreports.cps.edu/SchoolProgressReport_Eng/Spring2011Eng_610072.pdf,Englewood-Gresham Elementary Network,SOUTHWEST SIDE COLLABORATIVE,No,Track_E,Probation,Level 3,No,Weak,28,Weak,38,Average,58,Average,55,Weak,46,Weak,36,Average,47,Weak,46,92.00%,10.0,94.80%,96.80%,71.2,39.6,28.3,26.2,56.3,64.6,19.2,30.9,53.1,55.8,8.3,21.7,7.9,3.2,"'-0.7",0.3,Yellow,Yellow,NDA,NDA,NDA,NDA,NDA,NDA,NDA,NDA,NDA,NDA,NDA,NDA,237,45,NDA,1173449.365,1849063.053,41.74124549,"'-87.64007166",71,AUBURN GRESHAM,21,6,"(41.74124549, -87.64007166)"
610293,Genevieve Melody Elementary School,ES,412 S Keeler Ave,Chicago,IL,60624,(773) 534-6850,http://schoolreports.cps.edu/SchoolProgressReport_Eng/Spring2011Eng_610293.pdf,Garfield-Humboldt Elementary Network,WEST SIDE COLLABORATIVE,No,Track_E,Probation,Level 3,No,Strong,61,NDA,NDA,Strong,65,Strong,77,Weak,NDA,NDA,NDA,NDA,NDA,NDA,NDA,92.10%,26.0,96.00%,94.50%,56,NDA,11.1,19.2,43.3,37.1,26.9,29.6,55.8,76.9,6.3,12.5,4.2,6.3,"'-0.3",0.4,Yellow,Yellow,NDA,NDA,NDA,NDA,NDA,NDA,NDA,NDA,NDA,NDA,NDA,NDA,315,36,NDA,1148424.226,1897525.231,41.87474954,"'-87.73051772",26,WEST GARFIELD PARK,24,11,"(41.87474954, -87.73051772)"
609779,George Armstrong International Studies Elementary School,ES,2110 W Greenleaf Ave,Chicago,IL,60645,(773) 534-2150,http://schoolreports.cps.edu/SchoolProgressReport_Eng/Spring2011Eng_609779.pdf,Ravenswood-Ridge Elementary Network,NORTH-NORTHWEST SIDE COLLABORATIVE,No,Standard,Not on Probation,Level 1,No,Average,59,Average,57,Average,59,Strong,64,Weak,53,Average,45,NDA,NDA,NDA,NDA,96.30%,8.1,96.30%,99.40%,66.5,45.5,47.5,38.8,55.7,65.5,59.7,51.5,72.9,54.4,28.2,43.5,30.4,19.5,0.7,"'-0.2",Green,Yellow,30.8,60.9,NDA,NDA,NDA,NDA,NDA,NDA,NDA,NDA,NDA,NDA,1509,32,NDA,1160591.979,1946966.544,42.01017628,"'-87.68446868",2,WEST RIDGE,50,24,"(42.01017628, -87.68446868)"
610062,George B McClellan Elementary School,ES,3527 S Wallace St,Chicago,IL,60609,(773) 535-1732,http://schoolreports.cps.edu/SchoolProgressReport_Eng/Spring2011Eng_610062.pdf,Pershing Elementary Network,SOUTHWEST SIDE COLLABORATIVE,No,Standard,Probation,Level 2,No,Average,49,NDA,NDA,Weak,33,Average,40,Weak,NDA,NDA,NDA,Average,53,Average,47,93.20%,7.8,96.00%,98.60%,40.5,17.4,35.2,26.8,65.2,55.1,33.9,39.7,57.6,58.3,27.8,22.2,22.7,21.3,0.0,0.9,Yellow,Yellow,NDA,NDA,NDA,NDA,NDA,NDA,NDA,NDA,NDA,NDA,NDA,NDA,283,40,NDA,1172917.689,1881398.625,41.82998962,"'-87.64106579",60,BRIDGEPORT,11,9,"(41.82998962, -87.64106579)"
610196,George B Swift Elementary Specialty School,ES,5900 N Winthrop Ave,Chicago,IL,60660,(773) 534-2695,http://schoolreports.cps.edu/SchoolProgressReport_Eng/Spring2011Eng_610196.pdf,Ravenswood-Ridge Elementary Network,NORTH-NORTHWEST SIDE COLLABORATIVE,No,Standard,Not on Probation,Level 2,No,Strong,61,Average,53,Strong,62,Strong,60,Weak,61,Average,59,Average,49,Strong,54,96.30%,6.0,95.80%,98.80%,69.2,50.4,49.4,33.9,55.5,63.3,52.9,36.3,58.2,51.2,23.9,23.9,25.4,16.2,"'-0.8",1.1,Red,Green,NDA,NDA,NDA,NDA,NDA,NDA,NDA,NDA,NDA,NDA,NDA,NDA,709,32,NDA,1167755.176,1939362.027,41.98915734,"'-87.65833342",77,EDGEWATER,48,20,"(41.98915734, -87.65833342)"
609849,George F Cassell Elementary School,ES,11314 S Spaulding Ave,Chicago,IL,60655,(773) 535-2640,http://schoolreports.cps.edu/SchoolProgressReport_Eng/Spring2011Eng_609849.pdf,Rock Island Elementary Network,FAR SOUTH SIDE COLLABORATIVE,Yes,Track_E,Not on Probation,Level 2,No,Strong,76,Strong,67,Average,57,Weak,36,Weak,66,Strong,61,Average,52,Weak,46,94.40%,13.8,95.10%,98.90%,62.6,40,48.5,54.7,57.5,66.3,43.6,61,57.3,63.6,20.5,54.5,24.9,24.5,"'-0.6","'-0.8",Yellow,Yellow,NDA,NDA,NDA,NDA,NDA,NDA,NDA,NDA,NDA,NDA,NDA,NDA,358,49,NDA,1156350.416,1829287.520,41.68733881,"'-87.70325179",74,MOUNT GREENWOOD,19,22,"(41.68733881, -87.70325179)"
609761,George H Corliss High School,HS,821 E 103rd St,Chicago,IL,60628,(773) 535-5115,http://schoolreports.cps.edu/SchoolProgressReport_Eng/Spring2011Eng_609761.pdf,Far South Side High School Network,FAR SOUTH SIDE COLLABORATIVE,No,Track_E,Probation,Level 3,No,Weak,33,Average,52,Average,40,Average,48,Weak,48,Average,54,NDA,NDA,NDA,NDA,71.30%,23.4,95.20%,98.50%,NDA,NDA,NDA,NDA,NDA,NDA,NDA,NDA,NDA,NDA,NDA,NDA,,,,,NDA,NDA,NDA,NDA,12,11.4,13,12.9,0.9,14.3,1.3,10.6,42.8,44,621,48,76.2,1183649.971,1836810.314,41.70739096,"'-87.60307842",50,PULLMAN,9,5,"(41.70739096, -87.60307842)"
610305,George Leland Elementary School,ES,5221 W Congress Pkwy,Chicago,IL,60644,(773) 534-6340,http://schoolreports.cps.edu/SchoolProgressReport_Eng/Spring2011Eng_610305.pdf,Austin-North Lawndale Elementary Network,WEST SIDE COLLABORATIVE,No,Track_E,Probation,Level 3,No,NDA,,Strong,71,NDA,,NDA,,Weak,68,Strong,77,Strong,60,Average,53,92.60%,3.3,94.90%,100.00%,67.8,59.1,30.8,23.1,46.2,61.5,NDA,NDA,NDA,NDA,NDA,NDA,46.2,20.0,,,NDA,NDA,NDA,NDA,NDA,NDA,NDA,NDA,NDA,NDA,NDA,NDA,NDA,NDA,182,36,NDA,1141563.256,1897140.916,41.87382439,"'-87.75571809",25,AUSTIN,29,15,"(41.87382439, -87.75571809)"
610048,George Manierre Elementary School,ES,1420 N Hudson Ave,Chicago,IL,60610,(773) 534-8456,http://schoolreports.cps.edu/SchoolProgressReport_Eng/Spring2011Eng_610048.pdf,Fullerton Elementary Network,NORTH-NORTHWEST SIDE COLLABORATIVE,No,Standard,Probation,Level 3,No,Average,43,NDA,NDA,Average,49,Average,40,Weak,NDA,NDA,NDA,Weak,42,Weak,44,91.00%,44.0,94.80%,100.00%,44.4,NDA,23.7,13.9,44.5,52.8,26.5,17.1,49.1,41.7,0,11.1,4.6,4.7,"'-1.1","'-1.2",Red,Red,NDA,NDA,NDA,NDA,NDA,NDA,NDA,NDA,NDA,NDA,NDA,NDA,396,33,NDA,1173014.972,1909920.568,41.90825367,"'-87.63986347",8,NEAR NORTH SIDE,27,18,"(41.90825367, -87.63986347)"
610139,George M Pullman Elementary School,ES,11311 S Forrestville Ave,Chicago,IL,60628,(773) 535-5395,http://schoolreports.cps.edu/SchoolProgressReport_Eng/Spring2011Eng_610139.pdf,Lake Calumet Elementary Network,FAR SOUTH SIDE COLLABORATIVE,No,Standard,Not on Probation,Level 2,No,Average,59,NDA,NDA,Strong,66,Strong,75,Weak,NDA,NDA,NDA,Average,50,Average,49,93.50%,14.6,96.20%,100.00%,63.8,49.4,32.2,41.7,69.5,67.2,39.7,32.9,67.2,54.3,4,16,14.8,17.8,0.7,0.7,Yellow,Yellow,NDA,NDA,NDA,NDA,NDA,NDA,NDA,NDA,NDA,NDA,NDA,NDA,259,48,NDA,1181982.459,1830019.850,41.68879566,"'-87.60939383",50,PULLMAN,9,5,"(41.68879566, -87.60939383)"
609795,George Rogers Clark Elementary School,ES,1045 S Monitor Ave,Chicago,IL,60644,(773) 534-6225,http://schoolreports.cps.edu/SchoolProgressReport_Eng/Spring2011Eng_609795.pdf,Austin-North Lawndale Elementary Network,WEST SIDE COLLABORATIVE,No,Track_E,Not on Probation,Level 1,No,Weak,39,NDA,NDA,Weak,32,Weak,36,Weak,NDA,NDA,NDA,Average,47,Average,51,93.90%,14.4,96.40%,100.00%,80,74.1,56.8,37.5,60.7,71.1,60.5,46.6,57.5,56.1,30,33.3,22.0,15.3,1.2,0.7,Green,Yellow,29,NDA,NDA,NDA,NDA,NDA,NDA,NDA,NDA,NDA,NDA,NDA,297,36,NDA,1137583.968,1894930.877,41.86783230,"'-87.77038158",25,AUSTIN,29,15,"(41.8678323, -87.77038158)"
609760,George Washington Carver Military Academy High School,HS,13100 S Doty Ave,Chicago,IL,60627,(773) 535-5250,http://schoolreports.cps.edu/SchoolProgressReport_Eng/Spring2011Eng_609760.pdf,Far South Side High School Network,FAR SOUTH SIDE COLLABORATIVE,No,Standard,Not on Probation,Level 2,No,Average,53,NDA,NDA,Weak,37,Weak,34,Weak,NDA,NDA,NDA,NDA,NDA,NDA,NDA,91.60%,8.9,96.40%,100.00%,NDA,NDA,NDA,NDA,NDA,NDA,NDA,NDA,NDA,NDA,NDA,NDA,,,,,NDA,NDA,NDA,NDA,14.5,14.2,15,14.9,0.4,16.8,1.8,21.2,78.7,60.5,532,48,79.5,1187202.390,1818214.083,41.65627709,"'-87.59065660",54,RIVERDALE,9,5,"(41.65627709, -87.5906566)"
609845,George Washington Carver Primary School,ES,901 E 133rd Pl,Chicago,IL,60827,(773) 535-5674,http://schoolreports.cps.edu/SchoolProgressReport_Eng/Spring2011Eng_609845.pdf,Lake Calumet Elementary Network,FAR SOUTH SIDE COLLABORATIVE,No,Track_E,Probation,Level 3,No,Weak,25,NDA,NDA,Weak,33,Weak,30,Weak,NDA,NDA,NDA,Average,52,Strong,57,90.90%,15.6,94.70%,100.00%,37.4,36.6,23.8,19.7,38.8,45.8,22,17.1,27.9,43.1,4.5,22.7,9.4,8.0,"'-0.8","'-0.6",Red,Yellow,NDA,NDA,NDA,NDA,NDA,NDA,NDA,NDA,NDA,NDA,NDA,NDA,546,48,NDA,1184786.467,1817244.896,41.65367428,"'-87.59952683",54,RIVERDALE,9,5,"(41.65367428, -87.59952683)"
610219,George Washington Elementary School,ES,3611 E 114th St,Chicago,IL,60617,(773) 535-5010,http://schoolreports.cps.edu/SchoolProgressReport_Eng/Spring2011Eng_610219.pdf,Lake Calumet Elementary Network,FAR SOUTH SIDE COLLABORATIVE,Yes,Standard,Not on Probation,Level 1,No,Average,58,Strong,61,Weak,33,Average,43,Weak,80,Strong,76,Average,52,Average,51,95.50%,5.6,95.90%,99.00%,69.3,56.4,53.8,59.6,70,76.7,54.2,58.1,69.6,68.3,23,37.5,30.4,24.7,0.4,0.8,Yellow,Green,36.8,25,NDA,NDA,NDA,NDA,NDA,NDA,NDA,NDA,NDA,NDA,813,47,NDA,1202028.594,1829944.810,41.68810403,"'-87.53600985",52,EAST SIDE,10,4,"(41.68810403, -87.53600985)"
609739,George Washington High School,HS,3535 E 114th St,Chicago,IL,60617,(773) 535-5725,http://schoolreports.cps.edu/SchoolProgressReport_Eng/Spring2011Eng_609739.pdf,Far South Side High School Network,FAR SOUTH SIDE COLLABORATIVE,No,Standard,Probation,Level 2,No,Average,46,Average,53,Weak,36,Weak,36,Weak,52,Average,46,NDA,NDA,NDA,NDA,80.20%,12.7,95.10%,99.50%,NDA,NDA,NDA,NDA,NDA,NDA,NDA,NDA,NDA,NDA,NDA,NDA,,,,,NDA,NDA,NDA,NDA,13.4,13.6,14.3,14.1,0.7,15.5,1.2,14,71.6,50.9,1524,47,78.6,1201607.873,1829942.879,41.68810940,"'-87.53755010",52,EAST SIDE,10,4,"(41.6881094, -87.5375501)"
609900,George W Curtis Elementary School,ES,32 E 115th St,Chicago,IL,60628,(773) 535-5050,http://schoolreports.cps.edu/SchoolProgressReport_Eng/Spring2011Eng_609900.pdf,AUSL Schools,FAR SOUTH SIDE COLLABORATIVE,No,Standard,Probation,Level 3,No,Weak,23,NDA,NDA,Average,43,Average,58,Weak,NDA,NDA,NDA,Strong,68,Strong,70,93.80%,18.2,98.10%,97.90%,51.2,NDA,NDA,NDA,NDA,NDA,NDA,NDA,NDA,NDA,9.1,18.8,10.1,3.8,0.9,0.9,Green,Green,NDA,NDA,NDA,NDA,NDA,NDA,NDA,NDA,NDA,NDA,NDA,NDA,504,48,NDA,1178641.811,1828771.262,41.68544575,"'-87.62166148",49,ROSELAND,9,5,"(41.68544575, -87.62166148)"
609693,George Westinghouse High School,HS,3223 W Franklin Blvd,Chicago,IL,60624,(773) 534-6400,http://schoolreports.cps.edu/SchoolProgressReport_Eng/Spring2011Eng_609693.pdf,West Side High School Network,WEST SIDE COLLABORATIVE,NDA,Standard,Not on Probation,Not Enough Data,No,Strong,74,Strong,72,Strong,77,Very Strong,80,Weak,86,Strong,71,Strong,54,Strong,60,93.60%,2.0,96.80%,100.00%,NDA,NDA,NDA,NDA,NDA,NDA,NDA,NDA,NDA,NDA,NDA,NDA,,,,,NDA,NDA,NDA,NDA,16.1,16.9,NDA,17.1,1,NDA,NDA,NDA,NDA,NDA,828,34,90.5,1154695.243,1903109.304,41.88994963,"'-87.70734353",23,HUMBOLDT PARK,28,11,"(41.88994963, -87.70734353)"
610202,George W Tilton Elementary School,ES,223 N Keeler Ave,Chicago,IL,60624,(773) 534-6746,http://schoolreports.cps.edu/SchoolProgressReport_Eng/Spring2011Eng_610202.pdf,Garfield-Humboldt Elementary Network,WEST SIDE COLLABORATIVE,No,Track_E,Probation,Level 3,No,Very Weak,6,Weak,25,Weak,30,Average,41,Weak,25,Average,44,Average,51,Average,49,91.40%,65.5,95.10%,100.00%,51.1,39.6,22.5,10.8,29,36.8,29.1,12,46.2,21.4,14.3,8.8,10.0,3.5,"'-0.7","'-2.6",Red,Red,NDA,NDA,NDA,NDA,NDA,NDA,NDA,NDA,NDA,NDA,NDA,NDA,321,36,NDA,1148397.097,1900931.417,41.88409703,"'-87.73052949",26,WEST GARFIELD PARK,28,11,"(41.88409703, -87.73052949)"
609920,Gerald Delgado Kanoon Elementary Magnet School,ES,2233 S Kedzie Ave,Chicago,IL,60623,(773) 534-1736,http://schoolreports.cps.edu/SchoolProgressReport_Eng/Spring2011Eng_609920.pdf,Pilsen-Little Village Elementary Network,WEST SIDE COLLABORATIVE,No,Track_E,Probation,Level 3,No,Average,44,Weak,37,Average,48,Average,48,Weak,61,Average,43,Average,47,Average,49,95.90%,3.3,95.60%,100.00%,76.2,35.2,16.9,18.3,51.7,51.2,25.7,28.6,51.5,60,16,22,8.0,6.6,"'-0.4","'-0.6",Yellow,Yellow,21.6,45.5,NDA,NDA,NDA,NDA,NDA,NDA,NDA,NDA,NDA,NDA,713,37,NDA,1155417.273,1888838.931,41.85077575,"'-87.70507547",30,SOUTH LAWNDALE,24,10,"(41.85077575, -87.70507547)"
610187,Graeme Stewart Elementary School,ES,4525 N Kenmore Ave,Chicago,IL,60640,(773) 534-2640,http://schoolreports.cps.edu/SchoolProgressReport_Eng/Spring2011Eng_610187.pdf,Ravenswood-Ridge Elementary Network,NORTH-NORTHWEST SIDE COLLABORATIVE,No,Standard,Probation,Level 2,No,Average,49,NDA,NDA,Average,46,Average,57,Weak,NDA,NDA,NDA,Average,47,Average,52,95.20%,77.0,96.10%,100.00%,47.4,44.2,23.6,25.8,66.3,52.9,31.7,46,59.3,55.9,9.1,40.9,11.9,9.7,0.5,1.1,Yellow,Yellow,30.4,NDA,NDA,NDA,NDA,NDA,NDA,NDA,NDA,NDA,NDA,NDA,280,32,NDA,1168446.748,1930325.571,41.96434608,"'-87.65605252",3,UPTOWN,46,19,"(41.96434608, -87.65605252)"
610285,Granville T Woods Math & Science Academy Elementary School,ES,6206 S Racine Ave,Chicago,IL,60636,(773) 535-9250,http://schoolreports.cps.edu/SchoolProgressReport_Eng/Spring2011Eng_610285.pdf,Englewood-Gresham Elementary Network,SOUTHWEST SIDE COLLABORATIVE,No,Track_E,Not on Probation,Level 2,No,Weak,35,NDA,NDA,Average,43,Weak,31,Weak,NDA,NDA,NDA,Average,48,Average,49,91.90%,41.5,95.20%,100.00%,NDA,61.7,25.8,11.4,35.1,53.8,24.2,21.6,50.9,46.3,5.4,17.5,11.1,6.5,0.0,"'-0.3",Yellow,Yellow,NDA,NDA,NDA,NDA,NDA,NDA,NDA,NDA,NDA,NDA,NDA,NDA,402,43,NDA,1169345.488,1863577.552,41.78116490,"'-87.65468845",67,WEST ENGLEWOOD,16,7,"(41.7811649, -87.65468845)"
610383,Greater Lawndale High School For Social Justice,HS,3120 S Kostner Ave,Chicago,IL,60623,(773) 535-4300,http://schoolreports.cps.edu/SchoolProgressReport_Eng/Spring2011Eng_610383.pdf,West Side High School Network,WEST SIDE COLLABORATIVE,No,Track_E,Probation,Level 3,No,Average,43,Strong,72,Average,46,Average,44,Weak,81,Strong,65,Average,53,Weak,46,87.50%,16.4,95.10%,95.60%,NDA,NDA,NDA,NDA,NDA,NDA,NDA,NDA,NDA,NDA,NDA,NDA,,,,,NDA,NDA,NDA,NDA,13.6,14,14.5,14.4,0.8,15.7,1.2,14.9,67,57.4,371,37,87.4,1147521.302,1883405.128,41.83601953,"'-87.73419465",30,SOUTH LAWNDALE,22,10,"(41.83601953, -87.73419465)"
609857,Grover Cleveland Elementary School,ES,3121 W Byron St,Chicago,IL,60618,(773) 534-5130,http://schoolreports.cps.edu/SchoolProgressReport_Eng/Spring2011Eng_609857.pdf,O'Hare Elementary Network,NORTH-NORTHWEST SIDE COLLABORATIVE,No,Standard,Not on Probation,Level 1,No,Strong,64,Average,43,Average,58,Average,47,Weak,51,Average,44,Average,49,Average,48,95.00%,6.1,96.30%,100.00%,72.5,38.7,53.6,37.3,49.7,49.5,47.9,45.7,50.5,58.3,21.2,36.5,23.4,15.8,"'-0.3","'-0.5",Yellow,Yellow,27.6,58.3,NDA,NDA,NDA,NDA,NDA,NDA,NDA,NDA,NDA,NDA,688,31,NDA,1154778.842,1925727.705,41.95201470,"'-87.70642927",16,IRVING PARK,33,17,"(41.9520147, -87.70642927)"
610241,Guglielmo Marconi Elementary Community Academy,ES,230 N Kolmar Ave,Chicago,IL,60624,(773) 534-6210,http://schoolreports.cps.edu/SchoolProgressReport_Eng/Spring2011Eng_610241.pdf,Garfield-Humboldt Elementary Network,WEST SIDE COLLABORATIVE,No,Standard,Probation,Level 3,No,Weak,26,NDA,NDA,Strong,65,Strong,76,Weak,NDA,NDA,NDA,Average,52,Average,52,91.50%,58.8,96.50%,100.00%,64.7,65.3,28.8,23.4,51.7,70,37.7,31.5,64.6,65.7,0,21.1,4.0,7.3,"'-1.6","'-1.3",Red,Red,NDA,NDA,NDA,NDA,NDA,NDA,NDA,NDA,NDA,NDA,NDA,NDA,245,36,NDA,1145991.517,1900994.657,41.88431659,"'-87.73936153",26,WEST GARFIELD PARK,28,11,"(41.88431659, -87.73936153)"
609741,Gurdon S Hubbard High School,HS,6200 S Hamlin Ave,Chicago,IL,60629,(773) 535-2200,http://schoolreports.cps.edu/SchoolProgressReport_Eng/Spring2011Eng_609741.pdf,Southwest Side High School Network,SOUTHWEST SIDE COLLABORATIVE,No,Standard,Not on Probation,Level 2,No,Average,42,NDA,NDA,Weak,34,Weak,29,Weak,NDA,NDA,NDA,NDA,NDA,NDA,NDA,89.30%,4.3,96.40%,100.00%,NDA,NDA,NDA,NDA,NDA,NDA,NDA,NDA,NDA,NDA,NDA,NDA,,,,,NDA,NDA,NDA,NDA,14.4,14.2,15.3,15.3,0.9,17.3,2,30.1,57.2,51.3,1672,44,64.5,1152065.741,1863208.025,41.78050763,"'-87.71804991",65,WEST LAWN,13,8,"(41.78050763, -87.71804991)"
609726,Gwendolyn Brooks College Preparatory Academy High School,HS,250 E 111th St,Chicago,IL,60628,(773) 535-9930,http://schoolreports.cps.edu/SchoolProgressReport_Eng/Spring2011Eng_609726.pdf,Far South Side High School Network,FAR SOUTH SIDE COLLABORATIVE,No,Standard,Not on Probation,Level 1,No,Strong,64,NDA,NDA,Average,44,Average,49,Weak,NDA,NDA,NDA,Average,47,Average,49,87.10%,0.1,95.20%,100.00%,NDA,NDA,NDA,NDA,NDA,NDA,NDA,NDA,NDA,NDA,NDA,NDA,,,,,NDA,NDA,NDA,NDA,18,18.2,18.7,18.7,0.7,21.5,2.8,51.1,88.1,87.9,783,48,90.3,1180061.781,1831459.213,41.69278956,"'-87.61638144",49,ROSELAND,9,5,"(41.69278956, -87.61638144)"
610182,Hannah G Solomon Elementary School,ES,6206 N Hamlin Ave,Chicago,IL,60659,(773) 534-5226,http://schoolreports.cps.edu/SchoolProgressReport_Eng/Spring2011Eng_610182.pdf,O'Hare Elementary Network,NORTH-NORTHWEST SIDE COLLABORATIVE,Yes,Standard,Not on Probation,Level 1,No,Strong,78,Very Strong,96,Strong,67,Strong,62,Weak,75,Strong,62,Average,52,Average,51,95.80%,0.8,95.70%,99.00%,71.2,51.1,74.4,63.6,59.1,70,73.9,72.8,75,67.4,45.5,63.6,52.4,42.8,0.6,"'-0.2",Yellow,Yellow,45.5,93.3,NDA,NDA,NDA,NDA,NDA,NDA,NDA,NDA,NDA,NDA,363,31,NDA,1149868.813,1940981.795,41.99397007,"'-87.72407991",13,NORTH PARK,39,17,"(41.99397007, -87.72407991)"
610068,Hanson Park Elementary School,ES,5411 W Fullerton Ave,Chicago,IL,60639,(773) 534-3100,http://schoolreports.cps.edu/SchoolProgressReport_Eng/Spring2011Eng_610068.pdf,Fullerton Elementary Network,NORTH-NORTHWEST SIDE COLLABORATIVE,No,Standard,Not on Probation,Level 2,No,Weak,35,NDA,NDA,Weak,34,Weak,33,Weak,NDA,NDA,NDA,Average,50,Average,47,95.00%,24.4,94.90%,100.00%,48.5,42.6,31,20.6,45.9,51.5,42,29.2,50.7,41.2,12.4,22.1,14.4,11.0,"'-0.8","'-0.5",Red,Yellow,14,88.2,NDA,NDA,NDA,NDA,NDA,NDA,NDA,NDA,NDA,NDA,1499,29,NDA,1139861.158,1915387.949,41.92392771,"'-87.76152094",19,BELMONT CRAGIN,37,25,"(41.92392771, -87.76152094)"
610124,Harold Washington Elementary School,ES,9130 S University Ave,Chicago,IL,60619,(773) 535-6225,http://schoolreports.cps.edu/SchoolProgressReport_Eng/Spring2011Eng_610124.pdf,Skyway Elementary Network,SOUTH SIDE COLLABORATIVE,No,Standard,Not on Probation,Level 2,No,Weak,28,NDA,NDA,Average,45,Strong,63,Weak,NDA,NDA,NDA,Average,47,Average,49,96.10%,3.1,96.20%,100.00%,67.6,55.6,27.8,39,53.2,53.6,32.5,37.6,45,46.6,9.5,28.6,16.0,13.1,"'-0.2",0.1,Yellow,Yellow,NDA,NDA,NDA,NDA,NDA,NDA,NDA,NDA,NDA,NDA,NDA,NDA,549,48,NDA,1185436.746,1844530.731,41.72853492,"'-87.59629327",47,BURNSIDE,8,4,"(41.72853492, -87.59629327)"
610192,Harriet Beecher Stowe Elementary School,ES,3444 W Wabansia Ave,Chicago,IL,60647,(773) 534-4175,http://schoolreports.cps.edu/SchoolProgressReport_Eng/Spring2011Eng_610192.pdf,Garfield-Humboldt Elementary Network,WEST SIDE COLLABORATIVE,No,Standard,Probation,Level 3,No,Weak,28,NDA,NDA,Weak,26,Weak,31,Weak,NDA,NDA,NDA,Weak,44,Strong,54,93.80%,13.7,94.70%,98.70%,39.9,32.2,11.1,12,36.9,48.6,16.7,18,49.4,48.6,2.1,9.5,3.1,2.5,"'-0.2","'-0.8",Yellow,Red,19.1,11.1,NDA,NDA,NDA,NDA,NDA,NDA,NDA,NDA,NDA,NDA,893,34,NDA,1153019.365,1911120.258,41.91196584,"'-87.71328550",23,HUMBOLDT PARK,26,14,"(41.91196584, -87.7132855)"
610158,Harriet E Sayre Elementary Language Academy,ES,1850 N Newland Ave,Chicago,IL,60707,(773) 534-3351,http://schoolreports.cps.edu/SchoolProgressReport_Eng/Spring2011Eng_610158.pdf,Austin-North Lawndale Elementary Network,WEST SIDE COLLABORATIVE,No,Standard,Not on Probation,Level 2,No,Strong,68,NDA,NDA,Average,41,Average,50,Weak,NDA,NDA,NDA,Weak,44,Average,49,96.20%,2.6,96.60%,100.00%,69.1,NDA,37.6,42.5,44.8,37.1,41.7,48.1,47.6,42.8,20,38.3,19.6,17.3,"'-0.5",0.0,Yellow,Yellow,NDA,NDA,NDA,NDA,NDA,NDA,NDA,NDA,NDA,NDA,NDA,NDA,605,29,NDA,1129750.187,1911749.959,41.91412360,"'-87.79875667",25,AUSTIN,36,25,"(41.9141236, -87.79875667)"
609974,Hawthorne Elementary Scholastic Academy,ES,3319 N Clifton Ave,Chicago,IL,60657,(773) 534-5550,http://schoolreports.cps.edu/SchoolProgressReport_Eng/Spring2011Eng_609974.pdf,Ravenswood-Ridge Elementary Network,NORTH-NORTHWEST SIDE COLLABORATIVE,Yes,Standard,Not on Probation,Level 1,Yes,Very Strong,92,Very Strong,88,Strong,61,Average,56,Weak,90,Very Strong,84,Strong,58,Average,52,96.90%,1.2,96.50%,100.00%,85.3,56.9,82.7,83.3,58.6,62.5,89.1,87.4,65.1,62.9,79,80.6,75.1,66.0,1.8,2.2,Green,Green,98.4,91.8,NDA,NDA,NDA,NDA,NDA,NDA,NDA,NDA,NDA,NDA,569,33,NDA,1168069.526,1922284.759,41.94228994,"'-87.65767253",6,LAKE VIEW,44,19,"(41.94228994, -87.65767253)"
609985,Helen M Hefferan Elementary School,ES,4409 W Wilcox St,Chicago,IL,60624,(773) 534-6192,http://schoolreports.cps.edu/SchoolProgressReport_Eng/Spring2011Eng_609985.pdf,Garfield-Humboldt Elementary Network,WEST SIDE COLLABORATIVE,No,Track_E,Not on Probation,Level 2,No,Weak,29,Weak,39,Weak,26,Strong,63,Weak,58,Average,52,Average,51,Strong,56,93.80%,13.4,95.90%,100.00%,72.4,64.9,36.5,34.1,45.7,37.3,61.4,46.7,61.6,51.1,28,44,25.6,19.2,0.5,0.1,Yellow,Yellow,NDA,NDA,NDA,NDA,NDA,NDA,NDA,NDA,NDA,NDA,NDA,NDA,259,36,NDA,1146965.713,1898931.630,41.87863685,"'-87.73583687",26,WEST GARFIELD PARK,28,11,"(41.87863685, -87.73583687)"
610122,Helen Peirce International Studies Elementary School,ES,1423 W Bryn Mawr Ave,Chicago,IL,60660,(773) 534-2440,http://schoolreports.cps.edu/SchoolProgressReport_Eng/Spring2011Eng_610122.pdf,Ravenswood-Ridge Elementary Network,NORTH-NORTHWEST SIDE COLLABORATIVE,No,Standard,Not on Probation,Level 2,No,Average,58,NDA,NDA,Weak,32,Weak,22,Weak,NDA,NDA,NDA,Average,47,Average,47,96.70%,5.8,95.80%,100.00%,57.2,58.2,56.4,47.2,52.4,63.3,52.8,49.1,49.1,57.3,25.9,35.2,25.5,20.5,"'-1.9","'-1.4",Red,Red,100,5.7,NDA,NDA,NDA,NDA,NDA,NDA,NDA,NDA,NDA,NDA,977,32,NDA,1165723.804,1937258.243,41.98342819,"'-87.66586537",77,EDGEWATER,48,20,"(41.98342819, -87.66586537)"
609972,Helge A Haugan Elementary School,ES,4540 N Hamlin Ave,Chicago,IL,60625,(773) 534-5040,http://schoolreports.cps.edu/SchoolProgressReport_Eng/Spring2011Eng_609972.pdf,O'Hare Elementary Network,NORTH-NORTHWEST SIDE COLLABORATIVE,No,Standard,Not on Probation,Level 2,No,Average,43,Weak,39,Average,57,Average,49,Weak,33,Weak,30,Weak,46,Average,51,96.20%,23.4,94.60%,100.00%,68.9,37.2,31.5,24.3,53.4,58.5,32.5,29.3,48,32.9,NDA,NDA,15.2,10.2,"'-0.3",0.3,Yellow,Yellow,NDA,NDA,NDA,NDA,NDA,NDA,NDA,NDA,NDA,NDA,NDA,NDA,1299,31,NDA,1150195.236,1930075.176,41.96403525,"'-87.72316496",14,ALBANY PARK,39,17,"(41.96403525, -87.72316496)"
609856,Henry Clay Elementary School,ES,13231 S Burley Ave,Chicago,IL,60633,(773) 535-5600,http://schoolreports.cps.edu/SchoolProgressReport_Eng/Spring2011Eng_609856.pdf,Lake Calumet Elementary Network,FAR SOUTH SIDE COLLABORATIVE,No,Standard,Not on Probation,Level 2,No,Weak,38,Weak,39,Weak,30,Weak,30,Weak,24,Weak,31,NDA,NDA,NDA,NDA,95.20%,6.0,96.10%,100.00%,52.4,47,34.4,27.1,42,48,39.3,29.6,54.8,37.1,10.2,25.4,17.1,12.3,"'-0.3","'-0.2",Yellow,Yellow,NDA,NDA,NDA,NDA,NDA,NDA,NDA,NDA,NDA,NDA,NDA,NDA,633,47,NDA,1199800.451,1817700.031,41.65455937,"'-87.54457700",55,HEGEWISCH,10,4,"(41.65455937, -87.544577)"
610040,Henry D Lloyd Elementary School,ES,2103 N Lamon Ave,Chicago,IL,60639,(773) 534-3070,http://schoolreports.cps.edu/SchoolProgressReport_Eng/Spring2011Eng_610040.pdf,Fullerton Elementary Network,NORTH-NORTHWEST SIDE COLLABORATIVE,No,Track_E,Probation,Level 3,No,NDA,,NDA,NDA,NDA,,NDA,,Weak,NDA,NDA,NDA,Average,48,Average,51,96.20%,0.0,97.20%,97.00%,NDA,32.9,34.1,18.3,46.5,53.3,NDA,NDA,NDA,NDA,NDA,NDA,23.5,10.5,"'-0.8","'-0.3",Red,Yellow,NDA,NDA,NDA,NDA,NDA,NDA,NDA,NDA,NDA,NDA,NDA,NDA,1334,29,NDA,1143423.139,1913554.359,41.91883022,"'-87.74847861",19,BELMONT CRAGIN,31,25,"(41.91883022, -87.74847861)"
610092,Henry H Nash Elementary School,ES,4837 W Erie St,Chicago,IL,60644,(773) 534-6125,http://schoolreports.cps.edu/SchoolProgressReport_Eng/Spring2011Eng_610092.pdf,Austin-North Lawndale Elementary Network,WEST SIDE COLLABORATIVE,No,Track_E,Probation,Level 3,No,Average,41,NDA,NDA,Strong,68,Strong,76,Weak,NDA,NDA,NDA,NDA,NDA,NDA,NDA,95.10%,27.9,95.80%,100.00%,48.6,46.4,22.4,18.9,60.4,59.1,27.1,19.5,74.6,60.7,5.1,7.5,7.1,6.0,0.6,"'-0.5",Yellow,Yellow,NDA,NDA,NDA,NDA,NDA,NDA,NDA,NDA,NDA,NDA,NDA,NDA,393,36,NDA,1143836.768,1903833.453,41.89214724,"'-87.74720292",25,AUSTIN,28,15,"(41.89214724, -87.74720292)"
610279,Henry O Tanner Elementary School,ES,7350 S Evans Ave,Chicago,IL,60619,(773) 535-3870,http://schoolreports.cps.edu/SchoolProgressReport_Eng/Spring2011Eng_610279.pdf,Skyway Elementary Network,SOUTH SIDE COLLABORATIVE,No,Track_E,Probation,Level 3,No,Weak,33,NDA,NDA,Average,42,Average,55,Weak,NDA,NDA,NDA,NDA,NDA,NDA,NDA,91.80%,43.1,95.60%,98.00%,61.3,35.3,19.5,13.3,52.6,52.3,22.1,21.1,56.6,57.4,5.3,8.1,6.9,4.6,1.9,0.3,Green,Yellow,NDA,NDA,NDA,NDA,NDA,NDA,NDA,NDA,NDA,NDA,NDA,NDA,448,46,NDA,1182462.062,1856226.416,41.76069854,"'-87.60682834",69,GREATER GRAND CROSSING,6,3,"(41.76069854, -87.60682834)"
609861,Henry R Clissold Elementary School,ES,2350 W 110th Pl,Chicago,IL,60643,(773) 535-2560,http://schoolreports.cps.edu/SchoolProgressReport_Eng/Spring2011Eng_609861.pdf,Rock Island Elementary Network,FAR SOUTH SIDE COLLABORATIVE,No,Standard,Not on Probation,Level 2,No,Average,45,Strong,61,Weak,39,Strong,61,Weak,38,Average,51,Average,52,Weak,46,95.10%,8.4,96.90%,94.80%,75.5,NDA,58.5,64,68.8,62.8,46.7,63,53.3,58.7,33.8,49.2,27.7,26.7,"'-0.7",0.5,Red,Yellow,42.2,44.4,NDA,NDA,NDA,NDA,NDA,NDA,NDA,NDA,NDA,NDA,588,49,NDA,1162450.244,1831415.599,41.69305404,"'-87.68086190",75,MORGAN PARK,19,22,"(41.69305404, -87.6808619)"
610297,High School of Leadership at South Shore,HS,7627 S Constance Ave,Chicago,IL,60649,(773) 535-6190,http://schoolreports.cps.edu/SchoolProgressReport_Eng/Spring2011Eng_610297.pdf,South Side High School Network,SOUTH SIDE COLLABORATIVE,No,Standard,Probation,Level 3,No,NDA,,Weak,30,NDA,,NDA,,Weak,16,Weak,28,Weak,42,Weak,31,72.00%,43.4,95.20%,100.00%,NDA,NDA,NDA,NDA,NDA,NDA,NDA,NDA,NDA,NDA,NDA,NDA,,,,,NDA,NDA,NDA,NDA,11.7,11.7,13.1,13.1,1.4,14.4,1.3,12.2,36.6,68.8,731,46,48.8,1189903.206,1854648.757,41.75619362,"'-87.57960727",43,SOUTH SHORE,8,4,"(41.75619362, -87.57960727)"
609798,Hiram H Belding Elementary School,ES,4257 N Tripp Ave,Chicago,IL,60641,(773) 534-3590,http://schoolreports.cps.edu/SchoolProgressReport_Eng/Spring2011Eng_609798.pdf,O'Hare Elementary Network,NORTH-NORTHWEST SIDE COLLABORATIVE,No,Standard,Not on Probation,Level 2,No,Strong,64,Strong,63,Strong,67,Strong,69,Weak,49,Average,51,Average,53,Average,52,95.00%,21.3,96.20%,98.60%,80,78.6,46.2,40.4,50.3,45.7,55.6,54.6,54.5,54.2,36.8,49.1,27.3,21.4,"'-0.8","'-0.5",Red,Yellow,46.4,57.7,NDA,NDA,NDA,NDA,NDA,NDA,NDA,NDA,NDA,NDA,672,31,NDA,1147266.366,1928184.928,41.95890499,"'-87.73398223",16,IRVING PARK,38,17,"(41.95890499, -87.73398223)"
609768,Hope College Preparatory High School,HS,5515 S Lowe Ave,Chicago,IL,60621,(773) 535-3160,http://schoolreports.cps.edu/SchoolProgressReport_Eng/Spring2011Eng_609768.pdf,Southwest Side High School Network,SOUTHWEST SIDE COLLABORATIVE,No,Standard,Probation,Level 3,No,Weak,31,Average,51,Weak,37,Average,44,Weak,56,Weak,35,NDA,NDA,NDA,NDA,72.20%,24.0,94.30%,99.10%,NDA,NDA,NDA,NDA,NDA,NDA,NDA,NDA,NDA,NDA,NDA,NDA,,,,,NDA,NDA,NDA,NDA,12.3,13,13.7,13.5,1.2,15,1.3,16.7,55.2,58.2,561,45,63.6,1172948.540,1868120.666,41.79355292,"'-87.64134488",68,ENGLEWOOD,3,7,"(41.79355292, -87.64134488)"
609850,Horace Greeley Elementary School,ES,832 W Sheridan Rd,Chicago,IL,60613,(773) 534-5800,http://schoolreports.cps.edu/SchoolProgressReport_Eng/Spring2011Eng_609850.pdf,Ravenswood-Ridge Elementary Network,NORTH-NORTHWEST SIDE COLLABORATIVE,No,Standard,Not on Probation,Level 1,No,Strong,65,NDA,NDA,Average,48,Weak,38,Weak,NDA,NDA,NDA,Average,52,Average,52,95.90%,6.0,96.00%,100.00%,64.5,35.5,46.7,37.4,48.8,52.8,65.6,47.9,53.1,49.7,43.1,50,26.9,16.3,0.2,"'-0.2",Yellow,Yellow,NDA,NDA,NDA,NDA,NDA,NDA,NDA,NDA,NDA,NDA,NDA,NDA,611,32,NDA,1169860.926,1926142.578,41.95283701,"'-87.65097549",6,LAKE VIEW,46,19,"(41.95283701, -87.65097549)"
610052,Horace Mann Elementary School,ES,8050 S Chappel Ave,Chicago,IL,60617,(773) 535-6640,http://schoolreports.cps.edu/SchoolProgressReport_Eng/Spring2011Eng_610052.pdf,Skyway Elementary Network,SOUTH SIDE COLLABORATIVE,No,Track_E,Probation,Level 3,No,Weak,28,Weak,31,Weak,31,Weak,30,Weak,31,Weak,24,Weak,44,Weak,46,92.60%,44.4,94.50%,100.00%,46.9,30.2,12.8,16.5,49.7,46.2,23.3,23.3,57.2,51,6.4,27.7,3.4,3.4,"'-0.7",0.1,Red,Yellow,19.1,NDA,NDA,NDA,NDA,NDA,NDA,NDA,NDA,NDA,NDA,NDA,472,47,NDA,1191225.840,1851783.833,41.74830012,"'-87.57485274",46,SOUTH CHICAGO,8,4,"(41.74830012, -87.57485274)"
610058,Horatio May Elementary Community Academy,ES,512 S Lavergne Ave,Chicago,IL,60644,(773) 534-6140,http://schoolreports.cps.edu/SchoolProgressReport_Eng/Spring2011Eng_610058.pdf,Austin-North Lawndale Elementary Network,WEST SIDE COLLABORATIVE,No,Track_E,Probation,Level 3,No,Average,42,NDA,NDA,Average,47,Average,56,Weak,NDA,NDA,NDA,NDA,NDA,NDA,NDA,91.90%,40.0,96.40%,98.20%,63.3,58.8,17.5,17.5,54,51.4,27.1,25,58.6,58.6,4.6,13.8,9.4,5.6,"'-0.4","'-0.8",Yellow,Red,NDA,NDA,NDA,NDA,NDA,NDA,NDA,NDA,NDA,NDA,NDA,NDA,458,36,NDA,1143308.514,1897064.832,41.87358321,"'-87.74931216",25,AUSTIN,29,15,"(41.87358321, -87.74931216)"
609713,Hyde Park Academy High School,HS,6220 S Stony Island Ave,Chicago,IL,60637,(773) 535-0880,http://schoolreports.cps.edu/SchoolProgressReport_Eng/Spring2011Eng_609713.pdf,South Side High School Network,SOUTH SIDE COLLABORATIVE,No,Standard,Probation,Level 3,No,Weak,29,Weak,39,Weak,34,Average,43,Weak,35,Average,41,NDA,NDA,NDA,NDA,70.50%,18.5,94.20%,100.00%,NDA,NDA,NDA,NDA,NDA,NDA,NDA,NDA,NDA,NDA,NDA,NDA,,,,,NDA,NDA,NDA,NDA,13,12.8,14.4,14.1,1.1,15.6,1.2,11.1,51.1,57.6,1518,46,63.7,1187898.897,1864121.427,41.78223539,"'-87.58665115",42,WOODLAWN,5,3,"(41.78223539, -87.58665115)"
610390,Hyman G Rickover Naval Academy High School,HS,5900 N Glenwood Ave,Chicago,IL,60660,(773) 534-2890,http://schoolreports.cps.edu/SchoolProgressReport_Eng/Spring2011Eng_610390.pdf,North-Northwest Side High School Network,NORTH-NORTHWEST SIDE COLLABORATIVE,No,Standard,Not on Probation,Level 2,No,Strong,64,NDA,NDA,Strong,64,Average,42,Weak,NDA,NDA,NDA,Average,53,Average,48,92.90%,15.4,95.90%,100.00%,NDA,NDA,NDA,NDA,NDA,NDA,NDA,NDA,NDA,NDA,NDA,NDA,,,,,NDA,NDA,NDA,NDA,15.2,15.4,16.5,15.8,0.6,18.7,2.2,23.4,63,63.5,423,32,90.7,1165871.810,1939308.369,41.98905063,"'-87.66526222",77,EDGEWATER,48,20,"(41.98905063, -87.66526222)"
610110,Ida B Wells Preparatory Elementary Academy,ES,244 E Pershing Rd,Chicago,IL,60653,(773) 535-1204,http://schoolreports.cps.edu/SchoolProgressReport_Eng/Spring2011Eng_610110.pdf,Burnham Park Elementary Network,SOUTH SIDE COLLABORATIVE,No,Track_E,Probation,Level 3,No,Average,49,NDA,NDA,Strong,64,Very Strong,93,Weak,NDA,NDA,NDA,NDA,NDA,NDA,NDA,93.20%,9.5,92.80%,100.00%,80.9,NDA,24.7,26.3,41.3,60.5,49.3,42.3,58.8,57.4,8.3,37.5,15.3,10.1,0.3,"'-0.3",Yellow,Yellow,NDA,NDA,NDA,NDA,NDA,NDA,NDA,NDA,NDA,NDA,NDA,NDA,215,40,NDA,1178735.106,1879229.780,41.82390751,"'-87.61978794",35,DOUGLAS,3,2,"(41.82390751, -87.61978794)"
610273,Ignance Paderewski Elementary Learning Academy,ES,2221 S Lawndale Ave,Chicago,IL,60623,(773) 534-1821,http://schoolreports.cps.edu/SchoolProgressReport_Eng/Spring2011Eng_610273.pdf,Pilsen-Little Village Elementary Network,WEST SIDE COLLABORATIVE,No,Track_E,Probation,Level 3,No,Weak,31,NDA,NDA,Strong,63,Very Strong,98,Weak,NDA,NDA,NDA,Weak,46,Average,47,92.10%,20.9,95.20%,100.00%,42.3,40.9,19.1,19.1,50,64.3,27.5,17,44.2,58.7,0,0,2.0,2.0,0.2,"'-0.8",Yellow,Yellow,93.8,NDA,NDA,NDA,NDA,NDA,NDA,NDA,NDA,NDA,NDA,NDA,130,37,NDA,1152095.480,1888877.695,41.85094816,"'-87.71726618",30,SOUTH LAWNDALE,22,10,"(41.85094816, -87.71726618)"
610384,Infinity Math Science and Technology High School,HS,3120 S Kostner Ave,Chicago,IL,60623,(773) 535-4225,http://schoolreports.cps.edu/SchoolProgressReport_Eng/Spring2011Eng_610384.pdf,West Side High School Network,WEST SIDE COLLABORATIVE,No,Track_E,Not on Probation,Level 2,No,Average,58,NDA,NDA,Strong,66,Strong,65,Weak,NDA,NDA,NDA,Average,51,Average,48,92.20%,7.5,96.00%,85.40%,NDA,NDA,NDA,NDA,NDA,NDA,NDA,NDA,NDA,NDA,NDA,NDA,,,,,NDA,NDA,NDA,NDA,14.1,15,14.8,15.1,1,17.2,2.4,29,84.4,55.7,388,37,98.1,1147521.302,1883405.128,41.83601953,"'-87.73419465",30,SOUTH LAWNDALE,22,10,"(41.83601953, -87.73419465)"
610078,Inter-American Elementary Magnet School,ES,851 W Waveland Ave,Chicago,IL,60613,(773) 534-5490,http://schoolreports.cps.edu/SchoolProgressReport_Eng/Spring2011Eng_610078.pdf,Ravenswood-Ridge Elementary Network,NORTH-NORTHWEST SIDE COLLABORATIVE,No,Standard,Not on Probation,Level 1,No,Strong,67,NDA,NDA,Average,50,Average,51,Weak,NDA,NDA,NDA,Average,51,Average,47,96.20%,3.0,96.20%,100.00%,68.2,31.2,46.6,38.7,51.3,49.5,52.3,50,54.8,54.1,34.5,29.6,27.6,21.3,1.1,1.9,Green,Green,32.1,83.3,NDA,NDA,NDA,NDA,NDA,NDA,NDA,NDA,NDA,NDA,690,33,NDA,1169719.256,1924734.562,41.94897646,"'-87.65153745",6,LAKE VIEW,44,19,"(41.94897646, -87.65153745)"
609848,Ira F Aldridge Elementary School,ES,630 E 131st St,Chicago,IL,60827,(773) 535-5614,http://schoolreports.cps.edu/SchoolProgressReport_Eng/Spring2011Eng_609848.pdf,Lake Calumet Elementary Network,FAR SOUTH SIDE COLLABORATIVE,No,Track_E,Probation,Level 3,No,Weak,39,NDA,NDA,Weak,36,Weak,39,Weak,NDA,NDA,NDA,Average,49,Weak,46,92.90%,49.0,96.30%,100.00%,62.7,60.9,20.7,20.2,46.7,40.9,21.2,29.8,37.4,60.2,2.5,20,7.7,7.2,"'-1.5","'-0.8",Red,Yellow,NDA,NDA,NDA,NDA,NDA,NDA,NDA,NDA,NDA,NDA,NDA,NDA,285,48,NDA,1182870.294,1818598.178,41.65743243,"'-87.60649623",54,RIVERDALE,9,5,"(41.65743243, -87.60649623)"
610532,Irene C. Hernandez Middle School for the Advancement of Science,MS,3510 W 55th St,Chicago,IL,60632,(773) 535-8850,http://schoolreports.cps.edu/SchoolProgressReport_Eng/Spring2011Eng_610532.pdf,Midway Elementary Network,SOUTHWEST SIDE COLLABORATIVE,No,Track_E,Not on Probation,Not Enough Data,No,Weak,34,Weak,34,Weak,27,Weak,27,Weak,28,Weak,27,NDA,NDA,NDA,NDA,95.50%,14.8,96.20%,100.00%,NDA,NDA,NDA,NDA,NDA,NDA,33.7,28.9,34.2,46.6,12.5,18,11.6,9.2,"'-1.8","'-0.8",Red,Red,18.2,40.4,NDA,NDA,NDA,NDA,NDA,NDA,NDA,NDA,NDA,NDA,970,45,NDA,1153845.758,1867957.685,41.79350627,"'-87.71139803",63,GAGE PARK,14,8,"(41.79350627, -87.71139803)"
610125,Irma C Ruiz Elementary School,ES,2410 S Leavitt St,Chicago,IL,60608,(773) 535-4825,http://schoolreports.cps.edu/SchoolProgressReport_Eng/Spring2011Eng_610125.pdf,Pilsen-Little Village Elementary Network,WEST SIDE COLLABORATIVE,No,Standard,Not on Probation,Level 2,Yes,Average,57,Average,59,Average,57,Strong,62,Weak,51,Average,56,Average,50,Average,51,95.50%,15.9,95.00%,95.20%,55.8,40.7,19.4,26.4,44,41.9,38.9,33.6,57.5,48.5,10.7,27.2,10.7,12.8,"'-0.4",0.4,Red,Yellow,28.8,16.7,NDA,NDA,NDA,NDA,NDA,NDA,NDA,NDA,NDA,NDA,916,39,NDA,1162043.649,1887912.321,41.84809742,"'-87.68078114",31,LOWER WEST SIDE,25,10,"(41.84809742, -87.68078114)"
610276,Irvin C Mollison Elementary School,ES,4415 S Dr Martin L King Jr Dr,Chicago,IL,60653,(773) 535-1804,http://schoolreports.cps.edu/SchoolProgressReport_Eng/Spring2011Eng_610276.pdf,Burnham Park Elementary Network,SOUTH SIDE COLLABORATIVE,No,Track_E,Probation,Level 3,No,Average,44,NDA,NDA,Average,46,Weak,38,Weak,NDA,NDA,NDA,Average,52,Average,50,91.10%,36.1,94.30%,94.40%,49.3,36.8,27.4,19.8,48.2,41.9,34.4,26.4,57.9,41.9,11.1,25.9,4.8,4.3,0.2,0.2,Yellow,Yellow,20.7,NDA,NDA,NDA,NDA,NDA,NDA,NDA,NDA,NDA,NDA,NDA,244,40,NDA,1179638.340,1875750.718,41.81434006,"'-87.61658079",38,GRAND BOULEVARD,3,2,"(41.81434006, -87.61658079)"
610103,Isabelle C O'Keeffe Elementary School,ES,6940 S Merrill Ave,Chicago,IL,60649,(773) 535-0600,http://schoolreports.cps.edu/SchoolProgressReport_Eng/Spring2011Eng_610103.pdf,Skyway Elementary Network,SOUTH SIDE COLLABORATIVE,No,Standard,Probation,Level 3,No,Very Weak,17,NDA,NDA,Weak,28,Weak,29,Weak,NDA,NDA,NDA,Weak,40,Weak,43,92.10%,24.6,94.60%,100.00%,52,54,13.8,16.4,42.8,29.1,17.9,28.6,43.3,60,1.7,19,3.4,6.7,"'-0.4",0.7,Yellow,Yellow,17.9,NDA,NDA,NDA,NDA,NDA,NDA,NDA,NDA,NDA,NDA,NDA,575,46,NDA,1191708.826,1859191.464,41.76861557,"'-87.57284299",43,SOUTH SHORE,5,3,"(41.76861557, -87.57284299)"
610256,Jackie Robinson Elementary School,ES,4225 S Lake Park Ave,Chicago,IL,60653,(773) 535-1777,http://schoolreports.cps.edu/SchoolProgressReport_Eng/Spring2011Eng_610256.pdf,Burnham Park Elementary Network,SOUTH SIDE COLLABORATIVE,No,Standard,Probation,Level 3,No,NDA,,NDA,NDA,NDA,,NDA,,Weak,NDA,NDA,NDA,Weak,45,Average,47,90.50%,47.9,93.80%,100.00%,52,30.6,10.6,21.3,39.1,26.1,NDA,NDA,NDA,NDA,NDA,NDA,6.5,6.4,,,NDA,NDA,NDA,NDA,NDA,NDA,NDA,NDA,NDA,NDA,NDA,NDA,NDA,NDA,140,40,NDA,1184412.880,1876890.974,41.81735839,"'-87.59903174",36,OAKLAND,4,2,"(41.81735839, -87.59903174)"
609797,Jacob Beidler Elementary School,ES,3151 W Walnut St,Chicago,IL,60612,(773) 534-6811,http://schoolreports.cps.edu/SchoolProgressReport_Eng/Spring2011Eng_609797.pdf,Garfield-Humboldt Elementary Network,WEST SIDE COLLABORATIVE,No,Track_E,Not on Probation,Level 2,No,Strong,63,NDA,NDA,Strong,70,Average,58,Weak,NDA,NDA,NDA,NDA,NDA,NDA,NDA,95.40%,0.7,96.60%,100.00%,70.7,54.1,30,17.3,55.4,70.7,24.8,24.3,50.7,56.2,3.8,7.5,14.3,5.1,0.5,0.5,Yellow,Yellow,NDA,NDA,NDA,NDA,NDA,NDA,NDA,NDA,NDA,NDA,NDA,NDA,411,34,NDA,1155122.862,1901415.832,41.88529401,"'-87.70581859",27,EAST GARFIELD PARK,27,13,"(41.88529401, -87.70581859)"
609766,Jacqueline B Vaughn Occupational High School,HS,4355 N Linder Ave,Chicago,IL,60641,(773) 534-3600,http://schoolreports.cps.edu/SchoolProgressReport_Eng/Spring2011Eng_609766.pdf,North-Northwest Side High School Network,NORTH-NORTHWEST SIDE COLLABORATIVE,NDA,Track_E,Not Applicable,Not Enough Data,No,Average,57,Strong,72,Weak,33,Weak,20,Weak,67,Strong,69,Strong,63,Strong,57,87.60%,3.7,95.50%,100.00%,NDA,NDA,NDA,NDA,NDA,NDA,NDA,NDA,NDA,NDA,NDA,NDA,,,,,NDA,NDA,NDA,NDA,NDA,NDA,NDA,NDA,NDA,NDA,NDA,55.6,65.3,NDA,203,30,NDA,1138928.091,1928655.205,41.96035141,"'-87.76462602",15,PORTAGE PARK,38,16,"(41.96035141, -87.76462602)"
609912,James B Farnsworth Elementary School,ES,5414 N Linder Ave,Chicago,IL,60630,(773) 534-3535,http://schoolreports.cps.edu/SchoolProgressReport_Eng/Spring2011Eng_609912.pdf,O'Hare Elementary Network,NORTH-NORTHWEST SIDE COLLABORATIVE,No,Track_E,Not on Probation,Level 2,No,Average,55,Strong,62,Average,40,Weak,38,Weak,63,Average,59,Strong,55,Average,50,94.20%,1.7,95.60%,100.00%,68.4,33.1,50.3,60.8,62.7,55,52.1,57.6,59.2,60.4,30.2,41.8,30.7,25.6,1.0,0.3,Green,Yellow,NDA,NDA,NDA,NDA,NDA,NDA,NDA,NDA,NDA,NDA,NDA,NDA,574,30,NDA,1138478.050,1935743.025,41.97980920,"'-87.76610809",11,JEFFERSON PARK,45,16,"(41.9798092, -87.76610809)"
610070,James B McPherson Elementary School,ES,4728 N Wolcott Ave,Chicago,IL,60640,(773) 534-2625,http://schoolreports.cps.edu/SchoolProgressReport_Eng/Spring2011Eng_610070.pdf,Ravenswood-Ridge Elementary Network,NORTH-NORTHWEST SIDE COLLABORATIVE,No,Standard,Not on Probation,Level 2,No,Strong,71,NDA,NDA,Average,48,Weak,38,Weak,NDA,NDA,NDA,Average,52,Strong,54,96.50%,1.2,96.30%,100.00%,69.7,41.9,36.7,39.7,47.4,51.7,30.4,42,34.1,43.4,10.2,37.3,15.4,15.9,"'-0.8","'-0.6",Red,Yellow,NDA,NDA,NDA,NDA,NDA,NDA,NDA,NDA,NDA,NDA,NDA,NDA,695,31,NDA,1162923.519,1931558.605,41.96784758,"'-87.67632505",4,LINCOLN SQUARE,47,19,"(41.96784758, -87.67632505)"
610066,James E McDade Elementary Classical School,ES,8801 S Indiana Ave,Chicago,IL,60619,(773) 535-3669,http://schoolreports.cps.edu/SchoolProgressReport_Eng/Spring2011Eng_610066.pdf,Skyway Elementary Network,SOUTH SIDE COLLABORATIVE,Yes,Standard,Not on Probation,Level 1,No,Very Strong,99,NDA,NDA,Average,57,Average,52,Weak,NDA,NDA,NDA,Strong,61,Average,52,96.20%,0.0,94.30%,100.00%,NDA,NDA,87.7,82.2,50.7,48.1,NDA,90,NDA,45,NDA,NDA,73.3,74.1,"'-1.1","'-0.7",Red,Yellow,NDA,NDA,NDA,NDA,NDA,NDA,NDA,NDA,NDA,NDA,NDA,NDA,199,45,NDA,1179172.217,1846656.745,41.73451387,"'-87.61917677",44,CHATHAM,6,6,"(41.73451387, -87.61917677)"
609803,James G Blaine Elementary School,ES,1420 W Grace St,Chicago,IL,60613,(773) 534-5750,http://schoolreports.cps.edu/SchoolProgressReport_Eng/Spring2011Eng_609803.pdf,Ravenswood-Ridge Elementary Network,NORTH-NORTHWEST SIDE COLLABORATIVE,Yes,Standard,Not on Probation,Level 1,No,Very Strong,99,NDA,NDA,Strong,76,Strong,74,Weak,NDA,NDA,NDA,Weak,40,Weak,46,96.40%,2.1,96.00%,88.40%,87.5,62.6,88.6,78.5,61.7,62.8,81.9,79.9,56.3,63.6,53.6,73.2,61.3,50.1,0.9,"'-0.4",Green,Yellow,50,63.3,NDA,NDA,NDA,NDA,NDA,NDA,NDA,NDA,NDA,NDA,923,33,NDA,1166063.167,1925373.268,41.95080812,"'-87.66495825",6,LAKE VIEW,44,19,"(41.95080812, -87.66495825)"
609983,James Hedges Elementary School,ES,4747 S Winchester Ave,Chicago,IL,60609,(773) 535-7360,http://schoolreports.cps.edu/SchoolProgressReport_Eng/Spring2011Eng_609983.pdf,Pershing Elementary Network,SOUTHWEST SIDE COLLABORATIVE,No,Track_E,Not on Probation,Level 2,No,Weak,22,NDA,NDA,Weak,22,Weak,24,Weak,NDA,NDA,NDA,Weak,41,Weak,45,95.40%,48.8,96.50%,100.00%,66.3,41.1,34,19.6,46.3,50.4,25.1,25.2,57,55.1,13.2,17.1,12.6,6.8,"'-0.1",0.5,Yellow,Yellow,16.5,61.5,NDA,NDA,NDA,NDA,NDA,NDA,NDA,NDA,NDA,NDA,845,42,NDA,1164199.040,1873001.047,41.80713406,"'-87.67329121",61,NEW CITY,20,9,"(41.80713406, -87.67329121)"
610047,James Madison Elementary School,ES,7433 S Dorchester Ave,Chicago,IL,60619,(773) 535-0551,http://schoolreports.cps.edu/SchoolProgressReport_Eng/Spring2011Eng_610047.pdf,Skyway Elementary Network,SOUTH SIDE COLLABORATIVE,No,Track_E,Probation,Level 2,No,Weak,39,NDA,NDA,Weak,32,Weak,28,Weak,NDA,NDA,NDA,NDA,NDA,NDA,NDA,94.90%,12.4,97.70%,100.00%,60,60.7,21.8,24.3,52,49,33.3,19.3,48.8,38.6,3.1,28.1,14.1,5.1,0.7,"'-0.9",Green,Yellow,NDA,NDA,NDA,NDA,NDA,NDA,NDA,NDA,NDA,NDA,NDA,NDA,317,46,NDA,1186872.582,1855846.347,41.75955224,"'-87.59067582",43,SOUTH SHORE,5,3,"(41.75955224, -87.59067582)"
610074,James Monroe Elementary School,ES,3651 W Schubert Ave,Chicago,IL,60647,(773) 534-4155,http://schoolreports.cps.edu/SchoolProgressReport_Eng/Spring2011Eng_610074.pdf,Fullerton Elementary Network,NORTH-NORTHWEST SIDE COLLABORATIVE,No,Track_E,Probation,Level 2,No,Average,45,NDA,NDA,Weak,26,Weak,22,Weak,NDA,NDA,NDA,Average,47,Average,47,95.10%,22.1,95.80%,98.10%,66.5,25.8,37.9,27,46.5,55.1,31.6,32.2,50.3,45.3,12.5,24,15.5,11.6,"'-0.6","'-0.4",Red,Yellow,NDA,NDA,NDA,NDA,NDA,NDA,NDA,NDA,NDA,NDA,NDA,NDA,1125,29,NDA,1151359.151,1917666.234,41.92996135,"'-87.71921246",22,LOGAN SQUARE,35,25,"(41.92996135, -87.71921246)"
610200,James N Thorp Elementary School,ES,8914 S Buffalo Ave,Chicago,IL,60617,(773) 535-6250,http://schoolreports.cps.edu/SchoolProgressReport_Eng/Spring2011Eng_610200.pdf,Skyway Elementary Network,SOUTH SIDE COLLABORATIVE,No,Standard,Probation,Level 3,No,Weak,32,NDA,NDA,Weak,39,Weak,39,Weak,NDA,NDA,NDA,NDA,NDA,NDA,NDA,91.80%,45.4,95.90%,100.00%,51,24.3,9.1,10.4,33.6,31,27.3,30.5,52.9,43.8,3.6,20,8.7,3.6,"'-0.4","'-1.2",Yellow,Red,14,NDA,NDA,NDA,NDA,NDA,NDA,NDA,NDA,NDA,NDA,NDA,449,47,NDA,1199554.700,1846396.130,41.73331035,"'-87.54451462",46,SOUTH CHICAGO,10,4,"(41.73331035, -87.54451462)"
610107,James Otis Elementary School,ES,525 N Armour St,Chicago,IL,60622,(773) 534-7665,http://schoolreports.cps.edu/SchoolProgressReport_Eng/Spring2011Eng_610107.pdf,Fulton Elementary Network,WEST SIDE COLLABORATIVE,No,Standard,Probation,Level 1,No,Very Strong,83,Very Strong,92,Strong,67,Average,58,Weak,92,Very Strong,94,Strong,54,Strong,54,95.50%,3.2,96.50%,100.00%,50.9,47.1,35.9,46.6,53.4,63.1,51.4,55,61.3,57.7,25.8,19.4,21.8,11.1,0.7,"'-0.2",Green,Yellow,NDA,NDA,NDA,NDA,NDA,NDA,NDA,NDA,NDA,NDA,NDA,NDA,491,35,NDA,1166113.411,1903868.626,41.89179703,"'-87.66538928",24,WEST TOWN,27,13,"(41.89179703, -87.66538928)"
609891,James R Doolittle Jr Elementary School,ES,535 E 35th St,Chicago,IL,60616,(773) 535-1040,http://schoolreports.cps.edu/SchoolProgressReport_Eng/Spring2011Eng_609891.pdf,Burnham Park Elementary Network,SOUTH SIDE COLLABORATIVE,No,Track_E,Probation,Level 3,No,Weak,30,NDA,NDA,Weak,25,Average,46,Weak,NDA,NDA,NDA,Weak,44,Average,47,91.40%,134.8,94.70%,97.70%,55.6,50,15.9,3.7,40.6,32.4,7.4,24.5,39.8,54.9,11.8,35.3,2.2,1.1,"'-1.4","'-0.2",Red,Yellow,NDA,NDA,NDA,NDA,NDA,NDA,NDA,NDA,NDA,NDA,NDA,NDA,306,40,NDA,1180586.110,1881863.446,41.83109210,"'-87.61291629",35,DOUGLAS,4,2,"(41.8310921, -87.61291629)"
610044,James Russell Lowell Elementary School,ES,3320 W Hirsch St,Chicago,IL,60651,(773) 534-4300,http://schoolreports.cps.edu/SchoolProgressReport_Eng/Spring2011Eng_610044.pdf,Garfield-Humboldt Elementary Network,WEST SIDE COLLABORATIVE,No,Track_E,Probation,Level 2,No,Weak,39,NDA,NDA,Weak,39,Average,40,Weak,NDA,NDA,NDA,Weak,45,Average,52,93.20%,11.2,95.70%,100.00%,52.7,40.9,20.6,18.5,39.5,50.3,42.3,28.4,66.4,52.2,8,26,10.2,8.2,0.2,0.6,Yellow,Yellow,NDA,NDA,NDA,NDA,NDA,NDA,NDA,NDA,NDA,NDA,NDA,NDA,593,34,NDA,1153864.623,1909151.595,41.90654684,"'-87.71023279",23,HUMBOLDT PARK,26,14,"(41.90654684, -87.71023279)"
610174,James Shields Elementary School,ES,4250 S Rockwell St,Chicago,IL,60632,(773) 535-7285,http://schoolreports.cps.edu/SchoolProgressReport_Eng/Spring2011Eng_610174.pdf,Pershing Elementary Network,SOUTHWEST SIDE COLLABORATIVE,No,Standard,Not on Probation,Level 2,No,Weak,38,NDA,NDA,Average,57,Average,58,Weak,NDA,NDA,NDA,Average,50,Average,50,97.00%,13.9,97.00%,99.60%,54.3,NDA,37.2,35.1,59.8,70.8,41.9,44.9,63.2,66.8,23.3,25.6,18.3,12.7,1.1,1.5,Green,Green,NDA,NDA,NDA,NDA,NDA,NDA,NDA,NDA,NDA,NDA,NDA,NDA,1834,39,NDA,1159705.642,1876174.268,41.81593528,"'-87.68968453",58,BRIGHTON PARK,12,9,"(41.81593528, -87.68968453)"
610213,James Wadsworth Elementary School,ES,6420 S University Ave,Chicago,IL,60637,(773) 535-0730,http://schoolreports.cps.edu/SchoolProgressReport_Eng/Spring2011Eng_610213.pdf,Burnham Park Elementary Network,SOUTH SIDE COLLABORATIVE,No,Standard,Probation,Level 3,No,NDA,,NDA,NDA,NDA,,NDA,,Weak,NDA,NDA,NDA,Average,47,Average,49,92.20%,8.0,95.50%,100.00%,78,45.1,13.4,22.3,60.6,35.6,NDA,NDA,NDA,NDA,NDA,NDA,5.4,5.4,"'-1.3","'-0.6",Red,Yellow,NDA,NDA,NDA,NDA,NDA,NDA,NDA,NDA,NDA,NDA,NDA,NDA,277,46,NDA,1184773.873,1862597.144,41.77812652,"'-87.59815597",42,WOODLAWN,20,3,"(41.77812652, -87.59815597)"
610217,James Ward Elementary School,ES,2701 S Shields Ave,Chicago,IL,60616,(773) 534-9050,http://schoolreports.cps.edu/SchoolProgressReport_Eng/Spring2011Eng_610217.pdf,Pershing Elementary Network,SOUTHWEST SIDE COLLABORATIVE,Yes,Standard,Not on Probation,Level 1,No,Average,49,Strong,65,Average,50,Average,46,Weak,63,Average,56,Average,48,Weak,43,97.80%,1.3,96.90%,100.00%,74.8,63.8,71.6,57,68.1,80.6,77.8,53.3,79.3,51.9,44.2,34.6,51.1,23.8,"'-0.1","'-1.0",Yellow,Red,43.6,50,NDA,NDA,NDA,NDA,NDA,NDA,NDA,NDA,NDA,NDA,492,40,NDA,1174442.789,1886499.005,41.84395162,"'-87.63531815",34,ARMOUR SQUARE,11,9,"(41.84395162, -87.63531815)"
610274,James Weldon Johnson Elementary School,ES,1420 S Albany Ave,Chicago,IL,60623,(773) 534-1829,http://schoolreports.cps.edu/SchoolProgressReport_Eng/Spring2011Eng_610274.pdf,AUSL Schools,WEST SIDE COLLABORATIVE,No,Track_E,Probation,Level 2,No,Strong,67,Weak,38,Strong,61,Strong,75,Weak,63,Strong,66,Average,51,Strong,54,94.70%,1.4,97.50%,100.00%,64.3,NDA,21.3,19.8,54.3,48.8,17.3,28,59.3,50,3.8,30.8,8.9,5.0,"'-0.4","'-1.0",Yellow,Red,NDA,NDA,NDA,NDA,NDA,NDA,NDA,NDA,NDA,NDA,NDA,NDA,365,37,NDA,1155905.302,1892874.443,41.86183983,"'-87.70317560",29,NORTH LAWNDALE,24,10,"(41.86183983, -87.7031756)"
609772,Jane Addams Elementary School,ES,10810 S Avenue H,Chicago,IL,60617,(773) 535-6210,http://schoolreports.cps.edu/SchoolProgressReport_Eng/Spring2011Eng_609772.pdf,Lake Calumet Elementary Network,FAR SOUTH SIDE COLLABORATIVE,No,Standard,Not on Probation,Level 2,No,Average,56,Average,50,Average,44,Average,46,Weak,47,Average,44,Average,53,Average,53,96.00%,5.0,96.80%,100.00%,71.4,NDA,32.5,40.6,60.7,63.6,53.9,57.7,77.4,66.8,19.5,36.8,19.3,15.9,0.5,"'-0.4",Green,Yellow,NDA,NDA,NDA,NDA,NDA,NDA,NDA,NDA,NDA,NDA,NDA,NDA,928,47,NDA,1202811.360,1833818.906,41.69871497,"'-87.53301251",52,EAST SIDE,10,4,"(41.69871497, -87.53301251)"
610093,Jane A Neil Elementary School,ES,8555 S Michigan Ave,Chicago,IL,60619,(773) 535-3000,http://schoolreports.cps.edu/SchoolProgressReport_Eng/Spring2011Eng_610093.pdf,Skyway Elementary Network,SOUTH SIDE COLLABORATIVE,No,Standard,Probation,Level 3,No,Average,42,Average,41,Weak,27,Weak,28,Weak,40,Weak,36,Average,52,Average,53,88.90%,5.0,94.60%,100.00%,NDA,47.4,25,32.3,51.7,60.4,38.1,41.7,62.7,69.9,3.4,13.8,11.4,7.1,"'-0.7",1.0,Red,Green,NDA,NDA,NDA,NDA,NDA,NDA,NDA,NDA,NDA,NDA,NDA,NDA,306,45,NDA,1178690.672,1848082.986,41.73843860,"'-87.62089767",44,CHATHAM,6,6,"(41.7384386, -87.62089767)"
609796,Jean Baptiste Beaubien Elementary School,ES,5025 N Laramie Ave,Chicago,IL,60630,(773) 534-3500,http://schoolreports.cps.edu/SchoolProgressReport_Eng/Spring2011Eng_609796.pdf,O'Hare Elementary Network,NORTH-NORTHWEST SIDE COLLABORATIVE,Yes,Standard,Not on Probation,Level 1,No,Strong,63,NDA,NDA,Average,49,Average,47,Weak,NDA,NDA,NDA,NDA,NDA,NDA,NDA,95.70%,7.4,96.30%,98.40%,81.6,NDA,66.8,68.9,67.4,69.1,77,73.4,70.6,60.1,45.1,56.6,49.1,41.8,0.2,0.2,Yellow,Yellow,36.8,72.2,NDA,NDA,NDA,NDA,NDA,NDA,NDA,NDA,NDA,NDA,1181,31,NDA,1140829.242,1933051.044,41.97237914,"'-87.75752776",11,JEFFERSON PARK,45,16,"(41.97237914, -87.75752776)"
610031,Jean D Lafayette Elementary School,ES,2714 W Augusta Blvd,Chicago,IL,60622,(773) 534-4326,http://schoolreports.cps.edu/SchoolProgressReport_Eng/Spring2011Eng_610031.pdf,Fulton Elementary Network,WEST SIDE COLLABORATIVE,No,Track_E,Probation,Level 3,No,Average,44,Average,53,Average,43,Weak,38,Weak,80,Strong,72,Average,52,Average,52,94.10%,14.3,96.30%,98.60%,54.6,12,25.3,23.3,44.9,45.6,26,22.7,48.3,46.7,11.3,26.4,8.3,6.2,"'-0.3","'-1.3",Yellow,Red,NDA,NDA,NDA,NDA,NDA,NDA,NDA,NDA,NDA,NDA,NDA,NDA,474,34,NDA,1158045.392,1906579.348,41.89940402,"'-87.69494543",24,WEST TOWN,1,13,"(41.89940402, -87.69494543)"
610271,Jensen Elementary Scholastic Academy,ES,3030 W Harrison St,Chicago,IL,60612,(773) 534-6840,http://schoolreports.cps.edu/SchoolProgressReport_Eng/Spring2011Eng_610271.pdf,Garfield-Humboldt Elementary Network,WEST SIDE COLLABORATIVE,No,Track_E,Probation,Level 2,No,Weak,35,Average,41,Average,42,Strong,67,Weak,43,Average,40,Weak,46,Average,47,93.10%,17.2,95.30%,100.00%,81.3,75.5,61.4,37.3,58.9,78.6,48.8,37.3,63.4,63.2,11.6,23.3,20.2,11.7,2.9,0.9,Green,Green,NDA,NDA,NDA,NDA,NDA,NDA,NDA,NDA,NDA,NDA,NDA,NDA,364,37,NDA,1156127.601,1897250.020,41.87384239,"'-87.70224149",27,EAST GARFIELD PARK,28,11,"(41.87384239, -87.70224149)"
609932,Jesse Owens Elementary Community Academy,ES,12450 S State St,Chicago,IL,60628,(773) 535-5661,http://schoolreports.cps.edu/SchoolProgressReport_Eng/Spring2011Eng_609932.pdf,Lake Calumet Elementary Network,FAR SOUTH SIDE COLLABORATIVE,No,Standard,Not on Probation,Level 2,No,NDA,,NDA,NDA,NDA,,NDA,,Weak,NDA,NDA,NDA,Average,51,Strong,55,91.30%,4.9,93.50%,100.00%,57.1,37.9,11.9,28.4,42.2,42.2,NDA,NDA,NDA,NDA,NDA,NDA,50.0,13.0,,,NDA,NDA,NDA,NDA,NDA,NDA,NDA,NDA,NDA,NDA,NDA,NDA,NDA,NDA,340,48,NDA,1178488.214,1822184.059,41.66737294,"'-87.62242272",53,WEST PULLMAN,9,5,"(41.66737294, -87.62242272)"
610173,Jesse Sherwood Elementary School,ES,245 W 57th St,Chicago,IL,60621,(773) 535-0829,http://schoolreports.cps.edu/SchoolProgressReport_Eng/Spring2011Eng_610173.pdf,Englewood-Gresham Elementary Network,SOUTHWEST SIDE COLLABORATIVE,No,Track_E,Probation,Level 2,No,Weak,38,NDA,NDA,Average,47,Average,58,Weak,NDA,NDA,NDA,Average,51,Strong,56,92.00%,3.9,95.50%,100.00%,50.9,41.5,17.6,17.1,51.5,47.5,55.2,40,79.6,65.2,NDA,NDA,25.7,12.9,3.6,3.2,Green,Green,43.1,71.4,NDA,NDA,NDA,NDA,NDA,NDA,NDA,NDA,NDA,NDA,355,42,NDA,1175428.391,1867127.635,41.79077280,"'-87.63228120",68,ENGLEWOOD,20,7,"(41.7907728, -87.6322812)"
609942,Johann W von Goethe Elementary School,ES,2236 N Rockwell St,Chicago,IL,60647,(773) 534-4135,http://schoolreports.cps.edu/SchoolProgressReport_Eng/Spring2011Eng_609942.pdf,Fullerton Elementary Network,NORTH-NORTHWEST SIDE COLLABORATIVE,No,Standard,Not on Probation,Level 2,No,Strong,75,Strong,61,Strong,68,Average,52,Weak,62,Strong,69,Strong,57,Average,53,95.80%,5.6,97.00%,99.10%,72.7,55.1,40.6,42.4,68.6,80.2,57.6,52.7,71.2,59.6,21.4,31.4,24.9,17.6,"'-0.8","'-0.7",Red,Red,20.5,29.4,NDA,NDA,NDA,NDA,NDA,NDA,NDA,NDA,NDA,NDA,786,35,NDA,1158528.612,1915119.213,41.92282820,"'-87.69293637",22,LOGAN SQUARE,1,14,"(41.9228282, -87.69293637)"
610216,John A Walsh Elementary School,ES,2015 S Peoria St,Chicago,IL,60608,(773) 534-7950,http://schoolreports.cps.edu/SchoolProgressReport_Eng/Spring2011Eng_610216.pdf,Pilsen-Little Village Elementary Network,WEST SIDE COLLABORATIVE,No,Track_E,Not on Probation,Level 2,Yes,Strong,60,NDA,NDA,Strong,70,Very Strong,91,Weak,NDA,NDA,NDA,Average,48,Average,53,95.10%,2.9,95.30%,97.00%,64.4,NDA,37.6,37,49.6,61.5,47.1,44.5,60.4,63.9,12.1,24.2,17.4,12.5,0.2,0.3,Yellow,Yellow,40,42.9,NDA,NDA,NDA,NDA,NDA,NDA,NDA,NDA,NDA,NDA,501,39,NDA,1170942.070,1890439.543,41.85484214,"'-87.64804964",31,LOWER WEST SIDE,25,12,"(41.85484214, -87.64804964)"
609789,John Barry Elementary School,ES,2828 N Kilbourn Ave,Chicago,IL,60641,(773) 534-3455,http://schoolreports.cps.edu/SchoolProgressReport_Eng/Spring2011Eng_609789.pdf,Fullerton Elementary Network,NORTH-NORTHWEST SIDE COLLABORATIVE,No,Standard,Not on Probation,Level 2,No,Weak,35,Average,49,Strong,70,Very Strong,81,Weak,34,Average,41,Average,51,Average,49,95.10%,5.6,96.10%,97.70%,76.4,55,41.2,28.2,44.9,49.2,63.6,32.5,81.2,64.8,NDA,NDA,15.2,12.4,0.7,0.5,Green,Yellow,NDA,NDA,NDA,NDA,NDA,NDA,NDA,NDA,NDA,NDA,NDA,NDA,800,29,NDA,1145852.597,1918556.652,41.93251118,"'-87.73942514",20,HERMOSA,31,25,"(41.93251118, -87.73942514)"
609894,John B Drake Elementary School,ES,2722 S King Dr,Chicago,IL,60616,(773) 534-9129,http://schoolreports.cps.edu/SchoolProgressReport_Eng/Spring2011Eng_609894.pdf,Burnham Park Elementary Network,SOUTH SIDE COLLABORATIVE,No,Track_E,Probation,Level 3,No,Average,59,Weak,20,Average,57,Average,46,Weak,43,Very Weak,16,Average,50,Average,49,93.80%,43.3,95.90%,100.00%,63,NDA,15.7,29.8,67.1,60,41.8,50,83.1,78.5,7.7,26.9,7.7,9.5,"'-0.2",0.6,Yellow,Yellow,NDA,NDA,NDA,NDA,NDA,NDA,NDA,NDA,NDA,NDA,NDA,NDA,249,40,NDA,1179225.388,1886481.089,41.84379445,"'-87.61776768",35,DOUGLAS,4,1,"(41.84379445, -87.61776768)"
610089,John B Murphy Elementary School,ES,3539 W Grace St,Chicago,IL,60618,(773) 534-5223,http://schoolreports.cps.edu/SchoolProgressReport_Eng/Spring2011Eng_610089.pdf,O'Hare Elementary Network,NORTH-NORTHWEST SIDE COLLABORATIVE,No,Standard,Not on Probation,Level 1,No,Very Strong,80,NDA,NDA,Strong,75,Average,59,Weak,NDA,NDA,NDA,Strong,58,Strong,54,95.60%,1.9,96.30%,100.00%,61.3,NDA,43.4,30.5,40.6,45.9,64.3,44.8,46.7,40.7,NDA,NDA,22.0,20.7,"'-0.5","'-0.1",Yellow,Yellow,NDA,NDA,NDA,NDA,NDA,NDA,NDA,NDA,NDA,NDA,NDA,NDA,638,31,NDA,1151954.940,1924991.364,41.95005034,"'-87.71682949",16,IRVING PARK,35,17,"(41.95005034, -87.71682949)"
610243,John Calhoun North Elementary School,ES,2833 W Adams St,Chicago,IL,60612,(773) 534-6940,http://schoolreports.cps.edu/SchoolProgressReport_Eng/Spring2011Eng_610243.pdf,Garfield-Humboldt Elementary Network,WEST SIDE COLLABORATIVE,Yes,Track_E,Not on Probation,Level 1,No,Average,52,Average,51,Average,44,Average,54,Weak,79,Very Strong,88,Weak,43,Average,48,95.90%,4.6,96.50%,98.10%,71.3,48.8,37.4,28.3,52.2,61.5,50.5,37.9,62.5,69.3,12.5,25,32.8,14.4,3.5,3.5,Green,Green,NDA,NDA,NDA,NDA,NDA,NDA,NDA,NDA,NDA,NDA,NDA,NDA,328,38,NDA,1157392.716,1898855.056,41.87822115,"'-87.69755292",27,EAST GARFIELD PARK,2,11,"(41.87822115, -87.69755292)"
609829,John C Burroughs Elementary School,ES,3542 S Washtenaw Ave,Chicago,IL,60632,(773) 535-7226,http://schoolreports.cps.edu/SchoolProgressReport_Eng/Spring2011Eng_609829.pdf,Pershing Elementary Network,SOUTHWEST SIDE COLLABORATIVE,No,Track_E,Not on Probation,Level 2,Yes,Average,50,Average,55,Weak,39,Weak,38,Weak,71,Average,53,Average,50,Weak,45,95.60%,0.2,96.10%,100.00%,67.3,27.9,47.7,43.4,55.9,45.1,44.2,57.4,51.9,64.3,25,15.9,25.9,16.0,0.1,"'-0.1",Yellow,Yellow,42.2,21.1,NDA,NDA,NDA,NDA,NDA,NDA,NDA,NDA,NDA,NDA,510,39,NDA,1158904.877,1880879.379,41.82886310,"'-87.69249318",58,BRIGHTON PARK,12,9,"(41.8288631, -87.69249318)"
609866,John C Coonley Elementary School,ES,4046 N Leavitt St,Chicago,IL,60618,(773) 534-5140,http://schoolreports.cps.edu/SchoolProgressReport_Eng/Spring2011Eng_609866.pdf,Ravenswood-Ridge Elementary Network,NORTH-NORTHWEST SIDE COLLABORATIVE,Yes,Standard,Not on Probation,Level 1,No,Very Strong,87,Very Strong,90,Strong,65,Weak,39,Weak,65,Average,56,Strong,58,Strong,55,95.90%,1.4,96.50%,100.00%,90.1,52.9,72.6,66.7,61.4,65.8,64.8,64.8,53.8,63.5,27.8,50,45.3,39.0,"'-0.7",0.9,Yellow,Yellow,NDA,NDA,NDA,NDA,NDA,NDA,NDA,NDA,NDA,NDA,NDA,NDA,668,31,NDA,1160924.137,1927061.470,41.95554905,"'-87.68380195",5,NORTH CENTER,47,19,"(41.95554905, -87.68380195)"
609893,John C Dore Elementary School,ES,6108 S Natoma Ave,Chicago,IL,60638,(773) 535-2080,http://schoolreports.cps.edu/SchoolProgressReport_Eng/Spring2011Eng_609893.pdf,Midway Elementary Network,SOUTHWEST SIDE COLLABORATIVE,Yes,Standard,Not on Probation,Level 1,No,Strong,74,Strong,67,Strong,69,Strong,79,Weak,57,Average,51,Strong,58,Weak,46,95.60%,10.8,96.70%,96.20%,81.8,52.9,58.4,62.7,70.5,68.1,76.9,74,85,69.4,58,60,43.8,25.3,2.6,0.5,Green,Yellow,NDA,NDA,NDA,NDA,NDA,NDA,NDA,NDA,NDA,NDA,NDA,NDA,590,44,NDA,1133084.300,1863232.770,41.78092716,"'-87.78764009",64,CLEARING,23,8,"(41.78092716, -87.78764009)"
609959,John Charles Haines Elementary School,ES,247 W 23rd Pl,Chicago,IL,60616,(773) 534-9200,http://schoolreports.cps.edu/SchoolProgressReport_Eng/Spring2011Eng_609959.pdf,Pershing Elementary Network,SOUTHWEST SIDE COLLABORATIVE,No,Standard,Not on Probation,Level 1,No,Weak,32,Average,47,Weak,37,Weak,37,Weak,42,Average,48,Weak,43,Weak,43,98.40%,0.3,96.20%,96.90%,70.2,47.6,69.3,57.6,69,69.8,73.2,53.6,74.3,63.6,35.9,32,45.0,25.7,1.0,0.5,Green,Yellow,25.9,93.1,NDA,NDA,NDA,NDA,NDA,NDA,NDA,NDA,NDA,NDA,664,40,NDA,1174842.529,1888681.328,41.84993116,"'-87.63378596",34,ARMOUR SQUARE,25,9,"(41.84993116, -87.63378596)"
610176,John D Shoop Math-Science Technical Academy Elementary School,ES,11140 S Bishop St,Chicago,IL,60643,(773) 535-2715,http://schoolreports.cps.edu/SchoolProgressReport_Eng/Spring2011Eng_610176.pdf,Rock Island Elementary Network,FAR SOUTH SIDE COLLABORATIVE,No,Track_E,Probation,Level 3,No,Weak,32,Average,47,Average,43,Average,51,Weak,53,Average,42,Average,52,Strong,54,93.20%,40.8,96.30%,86.90%,75.9,67.7,34.5,27.9,50,52.2,44.2,34.2,50.6,48.3,13.8,13.6,12.9,8.3,0.6,"'-0.2",Green,Yellow,4.5,NDA,NDA,NDA,NDA,NDA,NDA,NDA,NDA,NDA,NDA,NDA,553,49,NDA,1168507.416,1830689.468,41.69093337,"'-87.65870614",75,MORGAN PARK,34,22,"(41.69093337, -87.65870614)"
609898,John F Eberhart Elementary School,ES,3400 W 65th Pl,Chicago,IL,60629,(773) 535-9190,http://schoolreports.cps.edu/SchoolProgressReport_Eng/Spring2011Eng_609898.pdf,Midway Elementary Network,SOUTHWEST SIDE COLLABORATIVE,No,Standard,Probation,Level 3,No,Average,42,Average,41,Weak,33,Weak,34,Weak,42,Weak,32,NDA,NDA,NDA,NDA,95.30%,13.1,95.60%,100.00%,48.2,27.3,28.2,31.4,52.4,49.5,32.8,39.9,50.4,51.3,10.2,20.9,8.9,9.6,"'-1.5","'-0.7",Red,Red,15.9,17.2,NDA,NDA,NDA,NDA,NDA,NDA,NDA,NDA,NDA,NDA,1777,44,NDA,1154822.365,1861019.383,41.77444710,"'-87.70800189",66,CHICAGO LAWN,15,8,"(41.7744471, -87.70800189)"
609919,John Fiske Elementary School,ES,6145 S Ingleside Ave,Chicago,IL,60637,(773) 535-0990,http://schoolreports.cps.edu/SchoolProgressReport_Eng/Spring2011Eng_609919.pdf,Burnham Park Elementary Network,SOUTH SIDE COLLABORATIVE,No,Track_E,Probation,Level 3,No,Very Weak,13,Weak,24,Weak,37,Average,55,Weak,40,Weak,35,Average,47,Average,50,92.90%,37.1,91.70%,91.40%,87.1,NDA,15.7,14.6,58,54.2,30.1,30.1,69.7,61.8,32.1,28.6,4.0,4.0,"'-1.3","'-1.5",Red,Red,NDA,NDA,NDA,NDA,NDA,NDA,NDA,NDA,NDA,NDA,NDA,NDA,254,46,NDA,1183547.778,1864329.648,41.78290934,"'-87.60259685",42,WOODLAWN,20,3,"(41.78290934, -87.60259685)"
609718,John F Kennedy High School,HS,6325 W 56th St,Chicago,IL,60638,(773) 535-2325,http://schoolreports.cps.edu/SchoolProgressReport_Eng/Spring2011Eng_609718.pdf,Southwest Side High School Network,SOUTHWEST SIDE COLLABORATIVE,No,Standard,Probation,Level 3,No,Average,53,Weak,30,Weak,32,Weak,27,Weak,22,Weak,24,NDA,NDA,NDA,NDA,83.00%,22.0,94.70%,99.30%,NDA,NDA,NDA,NDA,NDA,NDA,NDA,NDA,NDA,NDA,NDA,NDA,,,,,NDA,NDA,NDA,NDA,14.8,14.1,15.1,15.6,0.8,16.4,1.3,24.4,53.3,52.9,1589,44,59.7,1135044.301,1866707.447,41.79042796,"'-87.78037224",56,GARFIELD RIDGE,23,8,"(41.79042796, -87.78037224)"
610263,John Foster Dulles Elementary School,ES,6311 S Calumet Ave,Chicago,IL,60637,(773) 535-0690,http://schoolreports.cps.edu/SchoolProgressReport_Eng/Spring2011Eng_610263.pdf,AUSL Schools,SOUTH SIDE COLLABORATIVE,No,Track_E,Probation,Level 2,No,Average,42,Weak,22,Average,53,Average,42,Weak,32,Weak,21,Average,51,Strong,55,94.10%,28.2,97.30%,100.00%,91.7,NDA,16.9,19.9,42.3,47.4,15.5,13.1,61.9,48.8,2.5,5.1,9.1,3.8,1.4,0.1,Green,Yellow,NDA,NDA,NDA,NDA,NDA,NDA,NDA,NDA,NDA,NDA,NDA,NDA,537,42,NDA,1179581.237,1863162.082,41.77979700,"'-87.61717494",69,GREATER GRAND CROSSING,20,3,"(41.779797, -87.61717494)"
610228,John Greenleaf Whittier Elementary School,ES,1900 W 23rd St,Chicago,IL,60608,(773) 535-4590,http://schoolreports.cps.edu/SchoolProgressReport_Eng/Spring2011Eng_610228.pdf,Pilsen-Little Village Elementary Network,WEST SIDE COLLABORATIVE,No,Standard,Probation,Level 3,No,Strong,65,NDA,NDA,Average,45,Weak,24,Weak,NDA,NDA,NDA,NDA,NDA,NDA,NDA,94.90%,3.8,96.50%,100.00%,50.4,NDA,13.3,17.3,35.9,36.2,22.3,21.5,50,45.8,6.4,25.5,6.3,3.9,"'-0.9","'-0.2",Red,Yellow,NDA,NDA,NDA,NDA,NDA,NDA,NDA,NDA,NDA,NDA,NDA,NDA,409,39,NDA,1164042.174,1888805.999,41.85050786,"'-87.67342126",31,LOWER WEST SIDE,25,10,"(41.85050786, -87.67342126)"
609694,John Hancock College Preparatory High School,HS,4034 W 56th St,Chicago,IL,60629,(773) 535-2410,http://schoolreports.cps.edu/SchoolProgressReport_Eng/Spring2011Eng_609694.pdf,Southwest Side High School Network,SOUTHWEST SIDE COLLABORATIVE,No,Standard,Probation,Level 3,No,Average,51,Average,44,Average,44,Average,41,Weak,37,Average,42,Average,50,Weak,44,78.20%,7.5,95.90%,100.00%,NDA,NDA,NDA,NDA,NDA,NDA,NDA,NDA,NDA,NDA,NDA,NDA,,,,,NDA,NDA,NDA,NDA,14.6,13.8,14.7,15,0.4,15.8,1.1,22.6,56.1,45.9,967,44,87.4,1150280.450,1867197.827,41.79149114,"'-87.72449161",62,WEST ELSDON,13,8,"(41.79149114, -87.72449161)"
609971,John Harvard Elementary School of Excellence,ES,7525 S Harvard,Chicago,IL,60620,(773) 535-3045,http://schoolreports.cps.edu/SchoolProgressReport_Eng/Spring2011Eng_609971.pdf,AUSL Schools,SOUTH SIDE COLLABORATIVE,No,Track_E,Probation,Level 2,No,Average,51,Weak,24,Strong,61,Strong,61,Weak,43,Weak,36,Average,47,Strong,55,93.00%,8.7,96.00%,97.80%,NDA,NDA,25.6,28.2,42.7,46.8,50,38.9,58.8,53.1,14.6,23.1,13.8,7.7,1.2,0.4,Green,Yellow,NDA,NDA,NDA,NDA,NDA,NDA,NDA,NDA,NDA,NDA,NDA,NDA,476,45,NDA,1175413.427,1854942.117,41.75733472,"'-87.63270008",69,GREATER GRAND CROSSING,17,6,"(41.75733472, -87.63270008)"
609975,John Hay Elementary Community Academy,ES,1018 N Laramie Ave,Chicago,IL,60651,(773) 534-6000,http://schoolreports.cps.edu/SchoolProgressReport_Eng/Spring2011Eng_609975.pdf,Austin-North Lawndale Elementary Network,WEST SIDE COLLABORATIVE,No,Track_E,Probation,Level 2,No,Average,44,NDA,NDA,Average,49,Strong,61,Weak,NDA,NDA,NDA,Average,52,Strong,55,92.90%,30.8,97.10%,100.00%,53.8,51.5,45.8,26.8,58,68.4,34.3,34.1,68.7,65.2,0,5.4,11.9,10.0,0.0,0.9,Yellow,Green,10.5,NDA,NDA,NDA,NDA,NDA,NDA,NDA,NDA,NDA,NDA,NDA,554,36,NDA,1141465.048,1906381.947,41.89918473,"'-87.75585034",25,AUSTIN,37,15,"(41.89918473, -87.75585034)"
609964,John H Hamline Elementary School,ES,4747 S Bishop St,Chicago,IL,60609,(773) 535-4565,http://schoolreports.cps.edu/SchoolProgressReport_Eng/Spring2011Eng_609964.pdf,Pershing Elementary Network,SOUTHWEST SIDE COLLABORATIVE,No,Standard,Not on Probation,Level 2,No,Weak,33,Weak,24,Weak,29,Average,43,Weak,17,Weak,33,Weak,44,Average,47,94.40%,7.5,95.70%,100.00%,61.7,48.9,39.1,19.5,50.8,67.9,58,26.5,64.5,56.5,9.1,18.2,20.1,6.1,1.0,"'-0.2",Green,Yellow,NDA,NDA,NDA,NDA,NDA,NDA,NDA,NDA,NDA,NDA,NDA,NDA,679,42,NDA,1167511.897,1873073.883,41.80726347,"'-87.66113856",61,NEW CITY,20,9,"(41.80726347, -87.66113856)"
610026,John H Kinzie Elementary School,ES,5625 S Mobile Ave,Chicago,IL,60638,(773) 535-2425,http://schoolreports.cps.edu/SchoolProgressReport_Eng/Spring2011Eng_610026.pdf,Midway Elementary Network,SOUTHWEST SIDE COLLABORATIVE,No,Standard,Not on Probation,Level 1,No,Strong,64,NDA,NDA,Average,49,Average,54,Weak,NDA,NDA,NDA,Average,50,Average,48,95.40%,14.9,95.30%,99.10%,62,NDA,62.6,42.6,51.6,67.6,68.3,50.2,60,56.4,36.7,40.5,32.6,19.7,0.4,"'-0.3",Yellow,Yellow,26.5,63.6,NDA,NDA,NDA,NDA,NDA,NDA,NDA,NDA,NDA,NDA,733,44,NDA,1135391.774,1866445.860,41.78970398,"'-87.77910430",56,GARFIELD RIDGE,23,8,"(41.78970398, -87.7791043)"
610207,John H Vanderpoel Elementary Magnet School,ES,9510 S Prospect Ave,Chicago,IL,60643,(773) 535-2690,http://schoolreports.cps.edu/SchoolProgressReport_Eng/Spring2011Eng_610207.pdf,Rock Island Elementary Network,FAR SOUTH SIDE COLLABORATIVE,Yes,Standard,Not on Probation,Level 2,No,Strong,74,NDA,NDA,Weak,24,Weak,31,Weak,NDA,NDA,NDA,Strong,55,Average,50,97.20%,0.3,96.20%,100.00%,81.6,69.8,51.7,47.7,53.5,59.8,42.7,54.5,35.7,55.9,11.1,38.9,17.7,24.1,"'-0.3",1.0,Yellow,Green,NDA,NDA,NDA,NDA,NDA,NDA,NDA,NDA,NDA,NDA,NDA,NDA,317,49,NDA,1166544.213,1841551.135,41.72078152,"'-87.66558526",72,BEVERLY,19,22,"(41.72078152, -87.66558526)"
609782,John J Audubon Elementary School,ES,3500 N Hoyne Ave,Chicago,IL,60618,(773) 534-5470,http://schoolreports.cps.edu/SchoolProgressReport_Eng/Spring2011Eng_609782.pdf,Ravenswood-Ridge Elementary Network,NORTH-NORTHWEST SIDE COLLABORATIVE,Yes,Standard,Not on Probation,Level 1,No,Very Strong,95,Strong,73,Strong,75,Strong,60,Weak,60,Strong,65,Strong,61,Average,47,96.20%,4.5,96.70%,98.60%,NDA,54.3,72.1,68.9,65.5,76.7,67.5,70.3,82.6,65.3,31.6,36.8,45.3,34.8,1.2,1.1,Green,Green,47.4,61.1,NDA,NDA,NDA,NDA,NDA,NDA,NDA,NDA,NDA,NDA,580,33,NDA,1161693.811,1923258.727,41.94509808,"'-87.68107885",5,NORTH CENTER,47,19,"(41.94509808, -87.68107885)"
610126,John J Pershing Elementary Humanities Magnet,ES,3113 S Rhodes Ave,Chicago,IL,60616,(773) 534-9272,http://schoolreports.cps.edu/SchoolProgressReport_Eng/Spring2011Eng_610126.pdf,Burnham Park Elementary Network,SOUTH SIDE COLLABORATIVE,Yes,Standard,Not on Probation,Level 1,No,NDA,,Very Strong,90,NDA,,NDA,,Weak,70,Strong,78,NDA,NDA,NDA,NDA,95.50%,19.2,96.70%,100.00%,NDA,92.3,56.3,56.3,77.1,80.9,NDA,NDA,NDA,NDA,NDA,NDA,54.9,39.2,,,NDA,NDA,NDA,NDA,NDA,NDA,NDA,NDA,NDA,NDA,NDA,NDA,NDA,NDA,258,40,NDA,1180449.204,1884392.316,41.83803465,"'-87.61334083",35,DOUGLAS,4,2,"(41.83803465, -87.61334083)"
610054,John L Marsh Elementary School,ES,9822 S Exchange Ave,Chicago,IL,60617,(773) 535-6430,http://schoolreports.cps.edu/SchoolProgressReport_Eng/Spring2011Eng_610054.pdf,Lake Calumet Elementary Network,FAR SOUTH SIDE COLLABORATIVE,No,Standard,Probation,Level 2,No,Strong,72,Average,53,Average,53,Weak,39,Weak,55,Average,48,Average,50,Strong,55,95.70%,5.4,95.50%,99.10%,55.8,37.6,34.5,34.9,53.2,58.7,33.5,44.9,50.8,52.2,11.1,31.1,18.9,14.5,"'-0.9","'-0.8",Red,Red,NDA,NDA,NDA,NDA,NDA,NDA,NDA,NDA,NDA,NDA,NDA,NDA,841,47,NDA,1197424.970,1840279.493,41.71657908,"'-87.55251993",51,SOUTH DEERING,10,4,"(41.71657908, -87.55251993)"
609723,John Marshall Metropolitan High School,HS,3250 W Adams St,Chicago,IL,60624,(773) 534-6455,http://schoolreports.cps.edu/SchoolProgressReport_Eng/Spring2011Eng_609723.pdf,West Side High School Network,WEST SIDE COLLABORATIVE,No,Standard,Probation,Level 3,No,Average,51,Average,52,Average,45,Average,46,Weak,49,Average,42,NDA,NDA,NDA,NDA,74.10%,42.9,95.80%,100.00%,NDA,NDA,NDA,NDA,NDA,NDA,NDA,NDA,NDA,NDA,NDA,NDA,,,,,NDA,NDA,NDA,NDA,11.7,11.8,13.4,13.2,1.5,14.6,1.2,6.5,36.8,45.2,726,38,55.2,1154542.583,1898925.511,41.87847194,"'-87.70801612",27,EAST GARFIELD PARK,28,11,"(41.87847194, -87.70801612)"
609710,John M Harlan Community Academy High School,HS,9652 S Michigan Ave,Chicago,IL,60628,(773) 535-5400,http://schoolreports.cps.edu/SchoolProgressReport_Eng/Spring2011Eng_609710.pdf,Far South Side High School Network,FAR SOUTH SIDE COLLABORATIVE,No,Standard,Probation,Level 3,No,NDA,,NDA,NDA,NDA,,NDA,,Weak,NDA,NDA,NDA,NDA,NDA,NDA,NDA,81.20%,21.6,94.40%,95.70%,NDA,NDA,NDA,NDA,NDA,NDA,NDA,NDA,NDA,NDA,16,40,17.8,15.6,"'-2.9","'-0.8",Red,Yellow,100,40,13.2,12.9,14.1,13.7,0.5,14.7,0.6,5.9,47.9,55.7,1245,48,64.4,1178815.804,1840781.935,41.71840075,"'-87.62066069",49,ROSELAND,6,5,"(41.71840075, -87.62066069)"
609954,John Milton Gregory Elementary School,ES,3715 W Polk St,Chicago,IL,60624,(773) 534-6820,http://schoolreports.cps.edu/SchoolProgressReport_Eng/Spring2011Eng_609954.pdf,Garfield-Humboldt Elementary Network,WEST SIDE COLLABORATIVE,No,Track_E,Not on Probation,Level 1,No,Average,44,Average,43,Weak,39,Average,43,Weak,66,Average,59,Average,49,Strong,55,95.20%,3.2,94.60%,100.00%,61.6,45.5,36.8,17.9,62.3,70.8,44.3,37.7,69.1,77.9,6.3,41.7,24.2,19.5,1.5,2.1,Green,Green,NDA,NDA,NDA,NDA,NDA,NDA,NDA,NDA,NDA,NDA,NDA,NDA,323,37,NDA,1151660.565,1896077.812,41.87071468,"'-87.71867323",27,EAST GARFIELD PARK,24,11,"(41.87071468, -87.71867323)"
610180,John M Smyth Elementary School,ES,1059 W 13th St,Chicago,IL,60608,(773) 534-7180,http://schoolreports.cps.edu/SchoolProgressReport_Eng/Spring2011Eng_610180.pdf,Fulton Elementary Network,WEST SIDE COLLABORATIVE,No,Track_E,Probation,Level 3,No,Weak,37,NDA,NDA,Average,54,Strong,64,Weak,NDA,NDA,NDA,Weak,43,Average,52,92.40%,20.1,93.30%,100.00%,67.8,NDA,17.6,10.6,38.1,46,24.8,12.3,54.2,38.8,1.4,1.4,6.3,3.2,1.1,"'-0.9",Green,Red,NDA,NDA,NDA,NDA,NDA,NDA,NDA,NDA,NDA,NDA,NDA,NDA,475,38,NDA,1169435.063,1894247.175,41.86532347,"'-87.65347031",28,NEAR WEST SIDE,2,12,"(41.86532347, -87.65347031)"
610199,Johnnie Colemon Elementary Academy,ES,1441 W 119th St,Chicago,IL,60643,(773) 535-3975,http://schoolreports.cps.edu/SchoolProgressReport_Eng/Spring2011Eng_610199.pdf,Lake Calumet Elementary Network,FAR SOUTH SIDE COLLABORATIVE,No,Track_E,Not on Probation,Level 2,No,Strong,60,NDA,NDA,Average,56,Strong,63,Weak,NDA,NDA,NDA,Average,53,Strong,57,95.90%,23.4,95.40%,100.00%,75.3,53.4,24.4,22.1,47.6,46.9,47.2,44.4,37.7,50.7,12.5,16.7,14.6,18.4,0.2,0.4,Yellow,Yellow,NDA,NDA,NDA,NDA,NDA,NDA,NDA,NDA,NDA,NDA,NDA,NDA,266,49,NDA,1168705.904,1825787.710,41.67747786,"'-87.65812011",53,WEST PULLMAN,34,5,"(41.67747786, -87.65812011)"
610111,John Palmer Elementary School,ES,5051 N Kenneth Ave,Chicago,IL,60630,(773) 534-3704,http://schoolreports.cps.edu/SchoolProgressReport_Eng/Spring2011Eng_610111.pdf,O'Hare Elementary Network,NORTH-NORTHWEST SIDE COLLABORATIVE,No,Standard,Not on Probation,Level 2,No,Strong,75,NDA,NDA,Strong,61,Strong,68,Weak,NDA,NDA,NDA,Strong,65,Strong,61,96.30%,12.8,94.80%,99.20%,72.2,42.4,47.7,38,58.9,58.5,48.9,45.3,52.5,57.3,24.8,37.6,25.3,15.1,0.5,0.3,Green,Yellow,26.5,74.2,NDA,NDA,NDA,NDA,NDA,NDA,NDA,NDA,NDA,NDA,919,31,NDA,1145817.577,1933407.476,41.97326374,"'-87.73917547",14,ALBANY PARK,39,17,"(41.97326374, -87.73917547)"
609775,John P Altgeld Elementary School,ES,1340 W 71st St,Chicago,IL,60636,(773) 535-3250,http://schoolreports.cps.edu/SchoolProgressReport_Eng/Spring2011Eng_609775.pdf,Englewood-Gresham Elementary Network,SOUTHWEST SIDE COLLABORATIVE,No,Track_E,Probation,Level 3,No,Average,48,Weak,37,Strong,64,Average,58,Weak,27,Weak,35,Weak,46,Average,48,91.90%,32.9,95.50%,100.00%,42.1,NDA,30.1,34.4,67.1,52.4,37.2,37.2,56,56.8,8.8,40.4,16.4,20.9,"'-0.8",3.0,Red,Green,NDA,NDA,NDA,NDA,NDA,NDA,NDA,NDA,NDA,NDA,NDA,NDA,527,43,NDA,1168430.269,1857717.233,41.76510322,"'-87.65821250",67,WEST ENGLEWOOD,17,7,"(41.76510322, -87.6582125)"
610184,John Spry Elementary Community School,ES,2400 S Marshall Blvd,Chicago,IL,60623,(773) 534-1700,http://schoolreports.cps.edu/SchoolProgressReport_Eng/Spring2011Eng_610184.pdf,Pilsen-Little Village Elementary Network,WEST SIDE COLLABORATIVE,No,Track_E,Not on Probation,Level 2,No,Strong,66,Average,59,Strong,70,Strong,67,Weak,52,Average,43,Weak,46,Average,48,96.20%,5.9,97.40%,99.00%,44.4,12.8,NDA,NDA,NDA,NDA,NDA,NDA,NDA,NDA,18.7,13.3,17.9,7.3,1.7,1.1,Green,Green,NDA,NDA,NDA,NDA,NDA,NDA,NDA,NDA,NDA,NDA,NDA,NDA,809,39,NDA,1157044.911,1887895.675,41.84815451,"'-87.69912725",30,SOUTH LAWNDALE,12,10,"(41.84815451, -87.69912725)"
610269,John T McCutcheon Elementary School,ES,4865 N Sheridan Rd,Chicago,IL,60640,(773) 534-2680,http://schoolreports.cps.edu/SchoolProgressReport_Eng/Spring2011Eng_610269.pdf,Ravenswood-Ridge Elementary Network,NORTH-NORTHWEST SIDE COLLABORATIVE,No,Standard,Not on Probation,Level 2,No,Average,56,Weak,36,Strong,67,Average,41,Weak,32,Average,42,Average,52,Average,53,94.00%,8.8,94.80%,98.10%,62.4,66.3,31.3,30.3,46.7,48.3,34.1,40.5,48.1,58.4,9.1,13.6,19.5,10.8,1.0,"'-0.2",Green,Yellow,NDA,NDA,NDA,NDA,NDA,NDA,NDA,NDA,NDA,NDA,NDA,NDA,355,32,NDA,1168789.535,1932738.462,41.97095968,"'-87.65472193",3,UPTOWN,48,20,"(41.97095968, -87.65472193)"
610130,John T Pirie Fine Arts & Academic Center Elementary School,ES,650 E 85th St,Chicago,IL,60619,(773) 535-3435,http://schoolreports.cps.edu/SchoolProgressReport_Eng/Spring2011Eng_610130.pdf,Skyway Elementary Network,SOUTH SIDE COLLABORATIVE,No,Track_E,Not on Probation,Level 2,No,Weak,26,Average,44,Strong,63,Strong,62,Weak,43,Average,46,NDA,NDA,NDA,NDA,93.50%,20.8,95.40%,100.00%,74.5,49.6,31.1,37.3,55.8,49.7,44.2,50,71.8,73.7,NDA,NDA,10.7,20.9,0.1,1.6,Yellow,Green,NDA,NDA,NDA,NDA,NDA,NDA,NDA,NDA,NDA,NDA,NDA,NDA,384,45,NDA,1182225.898,1848815.302,41.74036711,"'-87.60792289",44,CHATHAM,6,6,"(41.74036711, -87.60792289)"
609864,John W Cook Elementary School,ES,8150 S Bishop St,Chicago,IL,60620,(773) 535-3315,http://schoolreports.cps.edu/SchoolProgressReport_Eng/Spring2011Eng_609864.pdf,Englewood-Gresham Elementary Network,SOUTHWEST SIDE COLLABORATIVE,No,Track_E,Probation,Level 2,No,NDA,,NDA,NDA,NDA,,NDA,,Weak,NDA,NDA,NDA,Weak,45,Average,47,94.00%,26.0,94.00%,100.00%,57.1,36,21.5,12.7,42.4,55.4,41.2,31.8,68.7,68.2,1.7,6.8,6.4,4.6,0.8,0.6,Green,Yellow,NDA,NDA,NDA,NDA,NDA,NDA,NDA,NDA,NDA,NDA,NDA,NDA,482,49,NDA,1168050.532,1850484.153,41.74526284,"'-87.65981190",71,AUBURN GRESHAM,21,6,"(41.74526284, -87.6598119)"
609937,John W Garvy Elementary School,ES,5225 N Oak Park Ave,Chicago,IL,60656,(773) 534-1185,http://schoolreports.cps.edu/SchoolProgressReport_Eng/Spring2011Eng_609937.pdf,O'Hare Elementary Network,NORTH-NORTHWEST SIDE COLLABORATIVE,No,Standard,Not on Probation,Level 1,No,Strong,60,Strong,70,Average,50,Average,51,Weak,51,Average,55,Strong,56,Average,49,95.30%,10.2,96.50%,97.30%,83.4,43.6,63.9,57.8,58.1,63.9,60.6,59.4,51.4,55.3,38.4,49.3,34.4,33.5,"'-0.1",0.2,Yellow,Yellow,44.6,45.5,NDA,NDA,NDA,NDA,NDA,NDA,NDA,NDA,NDA,NDA,720,30,NDA,1130304.414,1934430.694,41.97635262,"'-87.79619832",10,NORWOOD PARK,41,16,"(41.97635262, -87.79619832)"
610225,John Whistler Elementary School,ES,11533 S Ada St,Chicago,IL,60643,(773) 535-5560,http://schoolreports.cps.edu/SchoolProgressReport_Eng/Spring2011Eng_610225.pdf,Lake Calumet Elementary Network,FAR SOUTH SIDE COLLABORATIVE,No,Track_E,Probation,Level 3,No,Average,45,Weak,32,Average,41,Weak,28,Weak,20,Weak,21,Average,52,Strong,55,92.40%,11.1,97.00%,100.00%,74.7,60.2,34,27.4,49,61.2,31.5,28,50.4,51.2,6,8.2,5.4,4.1,"'-0.9",0.5,Red,Yellow,NDA,NDA,NDA,NDA,NDA,NDA,NDA,NDA,NDA,NDA,NDA,NDA,375,49,NDA,1169444.934,1828137.944,41.68391137,"'-87.65534733",53,WEST PULLMAN,34,5,"(41.68391137, -87.65534733)"
609828,Jonathan Burr Elementary School,ES,1621 W Wabansia Ave,Chicago,IL,60622,(773) 534-4090,http://schoolreports.cps.edu/SchoolProgressReport_Eng/Spring2011Eng_609828.pdf,Fulton Elementary Network,WEST SIDE COLLABORATIVE,Yes,Track_E,Not on Probation,Level 1,No,Strong,71,Strong,66,Strong,68,Average,51,Weak,53,Strong,63,Strong,56,Average,49,95.90%,4.3,96.90%,100.00%,78.5,53.1,53.8,43.8,51.9,51.9,71.3,57.7,69.2,58.4,14.3,25,29.1,22.2,0.4,0.6,Yellow,Yellow,NDA,NDA,NDA,NDA,NDA,NDA,NDA,NDA,NDA,NDA,NDA,NDA,348,35,NDA,1165168.464,1911344.181,41.91233061,"'-87.66864691",24,WEST TOWN,1,14,"(41.91233061, -87.66864691)"
610159,Jonathan Y Scammon Elementary School,ES,4201 W Henderson St,Chicago,IL,60641,(773) 534-3475,http://schoolreports.cps.edu/SchoolProgressReport_Eng/Spring2011Eng_610159.pdf,O'Hare Elementary Network,NORTH-NORTHWEST SIDE COLLABORATIVE,No,Track_E,Not on Probation,Level 2,No,Average,44,NDA,NDA,Weak,21,Weak,20,Weak,NDA,NDA,NDA,Average,48,Weak,44,95.90%,8.0,95.30%,100.00%,69.6,39.3,32.4,27.7,50.9,52.2,39.1,33,61.5,60.5,14.7,33.7,14.8,11.9,"'-0.6",0.2,Red,Yellow,19.4,100,NDA,NDA,NDA,NDA,NDA,NDA,NDA,NDA,NDA,NDA,937,29,NDA,1147787.325,1921900.296,41.94164944,"'-87.73222901",16,IRVING PARK,30,17,"(41.94164944, -87.73222901)"
609865,Jordan Elementary Community School,ES,7414 N Wolcott Ave,Chicago,IL,60626,(773) 534-2220,http://schoolreports.cps.edu/SchoolProgressReport_Eng/Spring2011Eng_609865.pdf,Ravenswood-Ridge Elementary Network,NORTH-NORTHWEST SIDE COLLABORATIVE,No,Standard,Not on Probation,Level 2,No,Strong,61,Weak,31,Average,57,Average,49,Weak,17,Very Weak,15,Average,52,Average,51,95.60%,16.4,95.10%,100.00%,60.1,42,36,21.1,41.4,54.1,26.3,19.1,43.2,34.7,4.8,15.9,16.9,7.1,0.3,"'-1.2",Yellow,Red,37.7,23.1,NDA,NDA,NDA,NDA,NDA,NDA,NDA,NDA,NDA,NDA,753,32,NDA,1162385.224,1949501.716,42.01709536,"'-87.67779928",1,ROGERS PARK,49,24,"(42.01709536, -87.67779928)"
610313,Jose De Diego Elementary Community Academy,ES,1313 N Claremont Ave,Chicago,IL,60622,(773) 534-4451,http://schoolreports.cps.edu/SchoolProgressReport_Eng/Spring2011Eng_610313.pdf,Fulton Elementary Network,WEST SIDE COLLABORATIVE,No,Standard,Probation,Level 3,Yes,Average,57,Average,53,Weak,37,Average,40,Weak,60,Strong,64,Average,53,Strong,54,95.00%,29.0,96.80%,100.00%,75,51.4,29.9,32.4,49.2,44.4,45.5,45.1,49.1,51.3,17.5,33.3,16.7,11.3,"'-0.3","'-1.1",Yellow,Red,49.2,23,NDA,NDA,NDA,NDA,NDA,NDA,NDA,NDA,NDA,NDA,869,35,NDA,1160540.669,1908752.314,41.90531549,"'-87.68572005",24,WEST TOWN,1,14,"(41.90531549, -87.68572005)"
609950,Josefa Ortiz De Dominguez Elementary School,ES,3000 S Lawndale Ave,Chicago,IL,60623,(773) 534-1600,http://schoolreports.cps.edu/SchoolProgressReport_Eng/Spring2011Eng_609950.pdf,Pilsen-Little Village Elementary Network,WEST SIDE COLLABORATIVE,No,Standard,NDA,NDA,No,NDA,,Strong,69,NDA,,NDA,,Weak,48,Average,54,Average,51,Strong,55,95.80%,3.6,97.00%,99.00%,72.4,51.6,NDA,NDA,NDA,NDA,NDA,NDA,NDA,NDA,NDA,NDA,,,,,NDA,NDA,NDA,NDA,NDA,NDA,NDA,NDA,NDA,NDA,NDA,NDA,NDA,NDA,793,37,NDA,1152138.268,1884434.021,41.83875333,"'-87.71722614",30,SOUTH LAWNDALE,22,10,"(41.83875333, -87.71722614)"
610242,Joseph Brennemann Elementary School,ES,4251 N Clarendon Ave,Chicago,IL,60613,(773) 534-5766,http://schoolreports.cps.edu/SchoolProgressReport_Eng/Spring2011Eng_610242.pdf,Ravenswood-Ridge Elementary Network,NORTH-NORTHWEST SIDE COLLABORATIVE,No,Standard,Not on Probation,Level 1,No,Average,50,Average,56,Average,55,Average,59,Weak,41,Average,54,Average,53,Strong,59,96.50%,13.7,97.70%,96.70%,79.8,47.2,32.4,30.8,50.5,65.7,48.8,30,66.2,50,8.3,25,18.1,10.9,1.0,1.0,Green,Green,NDA,NDA,NDA,NDA,NDA,NDA,NDA,NDA,NDA,NDA,NDA,NDA,362,32,NDA,1170183.793,1928747.670,41.95997841,"'-87.64971223",3,UPTOWN,46,19,"(41.95997841, -87.64971223)"
609938,Joseph E Gary Elementary School,ES,3740 W 31st St,Chicago,IL,60623,(773) 534-1455,http://schoolreports.cps.edu/SchoolProgressReport_Eng/Spring2011Eng_609938.pdf,Pilsen-Little Village Elementary Network,WEST SIDE COLLABORATIVE,No,Standard,Not on Probation,Level 2,No,Weak,32,Weak,27,Weak,29,Weak,28,Weak,29,Very Weak,17,Weak,45,Average,48,96.10%,16.8,96.20%,100.00%,NDA,NDA,34.5,21.8,50.5,55.3,45.5,27.7,58.4,41.7,12.3,21.3,14.3,7.6,0.4,0.1,Green,Yellow,NDA,NDA,NDA,NDA,NDA,NDA,NDA,NDA,NDA,NDA,NDA,NDA,1204,37,NDA,1151739.739,1883825.920,41.83709246,"'-87.71870452",30,SOUTH LAWNDALE,22,10,"(41.83709246, -87.71870452)"
610041,Josephine C Locke Elementary School,ES,2828 N Oak Park Ave,Chicago,IL,60634,(773) 534-3300,http://schoolreports.cps.edu/SchoolProgressReport_Eng/Spring2011Eng_610041.pdf,Fullerton Elementary Network,NORTH-NORTHWEST SIDE COLLABORATIVE,No,Standard,Not on Probation,Level 1,No,Average,57,Average,47,Average,49,Average,56,Weak,44,Average,45,Average,47,Average,50,95.50%,2.2,95.10%,100.00%,63.4,39.5,36.1,30.5,55.3,63,58.7,46,64,70.5,26.1,33.8,21.1,15.6,0.7,1.7,Green,Green,23.9,45.5,NDA,NDA,NDA,NDA,NDA,NDA,NDA,NDA,NDA,NDA,1317,29,NDA,1130557.942,1918183.070,41.93176301,"'-87.79564085",18,MONTCLARE,36,25,"(41.93176301, -87.79564085)"
610015,Joseph Jungman Elementary School,ES,1746 S Miller St,Chicago,IL,60608,(773) 534-7375,http://schoolreports.cps.edu/SchoolProgressReport_Eng/Spring2011Eng_610015.pdf,Pilsen-Little Village Elementary Network,WEST SIDE COLLABORATIVE,No,Standard,Probation,Level 2,No,Weak,36,Weak,34,Average,56,Average,53,Weak,20,Average,43,Average,48,Average,49,96.40%,5.3,96.30%,93.80%,75.5,34.7,32.5,20,59.2,64.4,25,34.9,51.3,71.3,6.9,34.5,7.8,6.6,0.1,"'-0.7",Yellow,Yellow,NDA,NDA,NDA,NDA,NDA,NDA,NDA,NDA,NDA,NDA,NDA,NDA,286,39,NDA,1169764.005,1891617.595,41.85810053,"'-87.65233933",31,LOWER WEST SIDE,25,12,"(41.85810053, -87.65233933)"
609925,Joseph Kellman Corporate Community Elementary School,ES,751 S Sacramento Blvd,Chicago,IL,60612,(773) 534-6602,http://schoolreports.cps.edu/SchoolProgressReport_Eng/Spring2011Eng_609925.pdf,Garfield-Humboldt Elementary Network,WEST SIDE COLLABORATIVE,No,Track_E,Not on Probation,Level 2,No,Average,58,Strong,68,Average,42,Average,45,Weak,37,Average,50,Strong,59,Strong,57,95.20%,4.4,95.80%,100.00%,84.7,55.3,37,32.3,48.9,56,34.5,43.2,56.5,55.2,0,11.5,13.3,10.5,"'-0.3","'-0.6",Yellow,Yellow,NDA,NDA,NDA,NDA,NDA,NDA,NDA,NDA,NDA,NDA,NDA,NDA,293,37,NDA,1156531.906,1896287.544,41.87119309,"'-87.70078311",27,EAST GARFIELD PARK,2,11,"(41.87119309, -87.70078311)"
610043,Joseph Lovett Elementary School,ES,6333 W Bloomingdale Ave,Chicago,IL,60639,(773) 534-3130,http://schoolreports.cps.edu/SchoolProgressReport_Eng/Spring2011Eng_610043.pdf,Austin-North Lawndale Elementary Network,WEST SIDE COLLABORATIVE,No,Track_E,Probation,Level 2,No,Average,43,NDA,NDA,Weak,32,Weak,22,Weak,NDA,NDA,NDA,Average,49,Weak,45,95.40%,16.1,95.40%,100.00%,68.5,62.7,23.5,33.1,51.2,51.2,32.9,37.3,40.3,65.5,7.8,27.5,9.1,8.3,"'-0.2","'-0.3",Yellow,Yellow,NDA,NDA,NDA,NDA,NDA,NDA,NDA,NDA,NDA,NDA,NDA,NDA,490,29,NDA,1133787.949,1911253.200,41.91269042,"'-87.78393402",25,AUSTIN,29,25,"(41.91269042, -87.78393402)"
610189,Joseph Stockton Elementary School,ES,4420 N Beacon St,Chicago,IL,60640,(773) 534-2450,http://schoolreports.cps.edu/SchoolProgressReport_Eng/Spring2011Eng_610189.pdf,Ravenswood-Ridge Elementary Network,NORTH-NORTHWEST SIDE COLLABORATIVE,No,Standard,Not on Probation,Level 2,No,Weak,37,NDA,NDA,Average,51,Strong,68,Weak,NDA,NDA,NDA,NDA,NDA,NDA,NDA,94.90%,11.0,95.30%,100.00%,53.2,47.2,35.3,28.2,41.2,50,54.7,56.4,51.1,50.5,21.1,44.7,18.3,12.4,"'-0.5","'-0.1",Yellow,Yellow,30.8,75,NDA,NDA,NDA,NDA,NDA,NDA,NDA,NDA,NDA,NDA,462,32,NDA,1166321.035,1929570.108,41.96231890,"'-87.66388983",3,UPTOWN,46,19,"(41.9623189, -87.66388983)"
610218,Joseph Warren Elementary School,ES,9239 S Jeffery Ave,Chicago,IL,60617,(773) 535-6625,http://schoolreports.cps.edu/SchoolProgressReport_Eng/Spring2011Eng_610218.pdf,Skyway Elementary Network,SOUTH SIDE COLLABORATIVE,No,Standard,Not on Probation,Level 2,No,Weak,33,Average,55,Average,49,Average,40,Weak,NDA,NDA,NDA,Weak,46,Average,50,95.00%,21.6,95.30%,100.00%,38.6,20,26.1,21.5,55.3,46.4,33.3,27,45.6,35,8.6,25.7,13.7,14.7,"'-1.0","'-0.4",Red,Yellow,NDA,NDA,NDA,NDA,NDA,NDA,NDA,NDA,NDA,NDA,NDA,NDA,328,47,NDA,1191168.455,1843939.067,41.72677474,"'-87.57531620",48,CALUMET HEIGHTS,8,4,"(41.72677474, -87.5753162)"
610019,Joshua D Kershaw Elementary School,ES,6450 S Lowe Ave,Chicago,IL,60621,(773) 535-3050,http://schoolreports.cps.edu/SchoolProgressReport_Eng/Spring2011Eng_610019.pdf,Englewood-Gresham Elementary Network,SOUTHWEST SIDE COLLABORATIVE,No,Track_E,Not on Probation,Level 2,No,Strong,62,Strong,63,Strong,69,Average,56,Weak,50,Average,59,Strong,58,Strong,63,94.80%,8.2,96.00%,100.00%,NDA,NDA,55.2,46.3,71.6,71.6,67.2,58.1,83.3,78.7,5.6,38.9,22.3,16.2,1.9,1.1,Green,Yellow,NDA,NDA,NDA,NDA,NDA,NDA,NDA,NDA,NDA,NDA,NDA,NDA,262,45,NDA,1173111.970,1861899.898,41.77647883,"'-87.64092929",68,ENGLEWOOD,20,7,"(41.77647883, -87.64092929)"
610129,Josiah Pickard Elementary School,ES,2301 W 21st Pl,Chicago,IL,60608,(773) 535-7280,http://schoolreports.cps.edu/SchoolProgressReport_Eng/Spring2011Eng_610129.pdf,Pilsen-Little Village Elementary Network,WEST SIDE COLLABORATIVE,No,Track_E,Probation,Level 2,No,Average,50,Weak,36,Weak,35,Weak,37,Weak,32,Weak,34,Average,48,Strong,54,95.80%,5.1,96.40%,100.00%,76.4,NDA,48.9,25.6,55,78.6,42.5,30.2,70,69.8,6.6,8.2,16.1,11.0,1.7,0.0,Green,Yellow,NDA,NDA,NDA,NDA,NDA,NDA,NDA,NDA,NDA,NDA,NDA,NDA,656,39,NDA,1161333.371,1889647.219,41.85287295,"'-87.68333970",31,LOWER WEST SIDE,25,12,"(41.85287295, -87.6833397)"
610022,Joyce Kilmer Elementary School,ES,6700 N Greenview Ave,Chicago,IL,60626,(773) 534-2115,http://schoolreports.cps.edu/SchoolProgressReport_Eng/Spring2011Eng_610022.pdf,Ravenswood-Ridge Elementary Network,NORTH-NORTHWEST SIDE COLLABORATIVE,No,Standard,Not on Probation,Level 2,No,NDA,,Average,43,NDA,,NDA,,Weak,43,Average,42,Average,49,Average,51,96.00%,15.6,96.90%,100.00%,70,51.2,40.5,28.6,53.4,61.2,39.4,33.7,57.8,52.8,22.7,27.3,22.8,15.0,"'-0.2","'-0.6",Yellow,Yellow,NDA,NDA,NDA,NDA,NDA,NDA,NDA,NDA,NDA,NDA,NDA,NDA,886,32,NDA,1165015.365,1944631.682,42.00367622,"'-87.66826026",1,ROGERS PARK,40,24,"(42.00367622, -87.66826026)"
610253,Julia C Lathrop Elementary School,ES,1440 S Christiana Ave,Chicago,IL,60623,(773) 534-1812,http://schoolreports.cps.edu/SchoolProgressReport_Eng/Spring2011Eng_610253.pdf,Austin-North Lawndale Elementary Network,WEST SIDE COLLABORATIVE,No,Standard,Probation,Level 3,No,Strong,67,NDA,NDA,Average,58,Weak,26,Weak,NDA,NDA,NDA,Weak,40,Average,50,90.50%,113.5,95.50%,100.00%,38.5,NDA,19.5,13.2,45.5,34.1,18.4,34.7,35,61.1,7.7,3.8,5.9,4.0,"'-1.7","'-0.6",Red,Yellow,NDA,NDA,NDA,NDA,NDA,NDA,NDA,NDA,NDA,NDA,NDA,NDA,83,37,NDA,1154232.147,1892627.172,41.86119482,"'-87.70932410",29,NORTH LAWNDALE,24,10,"(41.86119482, -87.7093241)"
610000,Julia Ward Howe Elementary School of Excellence,ES,720 N Lorel Ave,Chicago,IL,60644,(773) 534-6060,http://schoolreports.cps.edu/SchoolProgressReport_Eng/Spring2011Eng_610000.pdf,AUSL Schools,WEST SIDE COLLABORATIVE,No,Track_E,Probation,Level 1,No,Strong,67,Average,46,Very Strong,90,Strong,69,Weak,59,Strong,67,Strong,57,Strong,64,96.00%,7.7,97.10%,100.00%,NDA,NDA,36.9,35.6,63.1,75.2,38.5,39.1,67.5,56.4,7.4,14.8,20.6,9.3,0.8,"'-0.8",Green,Red,NDA,NDA,NDA,NDA,NDA,NDA,NDA,NDA,NDA,NDA,NDA,NDA,576,36,NDA,1140502.548,1904349.511,41.89362521,"'-87.75943557",25,AUSTIN,37,15,"(41.89362521, -87.75943557)"
610280,Kate S Buckingham Special Education Center,ES,9207 S Phillips Ave,Chicago,IL,60617,(773) 535-6422,http://schoolreports.cps.edu/SchoolProgressReport_Eng/Spring2011Eng_610280.pdf,Skyway Elementary Network,SOUTH SIDE COLLABORATIVE,NDA,Standard,Not Applicable,Level 3,No,Weak,31,NDA,NDA,Weak,24,Weak,20,Weak,NDA,NDA,NDA,NDA,NDA,NDA,NDA,83.40%,116.9,94.40%,100.00%,NDA,NDA,20,20,80,70,0,4.3,45,59.1,NDA,NDA,0.0,0.0,"'-0.4","'-0.8",Yellow,Yellow,NDA,NDA,NDA,NDA,NDA,NDA,NDA,NDA,NDA,NDA,NDA,NDA,26,47,NDA,1194146.741,1844346.869,41.72782129,"'-87.56439326",48,CALUMET HEIGHTS,7,4,"(41.72782129, -87.56439326)"
610016,Kate S Kellogg Elementary School,ES,9241 S Leavitt St,Chicago,IL,60620,(773) 535-2590,http://schoolreports.cps.edu/SchoolProgressReport_Eng/Spring2011Eng_610016.pdf,Rock Island Elementary Network,FAR SOUTH SIDE COLLABORATIVE,Yes,Standard,Not on Probation,Level 2,No,Strong,76,NDA,NDA,Average,57,Strong,63,Weak,NDA,NDA,NDA,Average,53,Weak,46,96.30%,12.0,95.40%,91.80%,78.8,10,49.4,67.8,65.5,65.5,52,77.5,49,64.7,17.5,47.5,24.2,30.9,"'-0.4",0.7,Yellow,Yellow,28.2,36.4,NDA,NDA,NDA,NDA,NDA,NDA,NDA,NDA,NDA,NDA,283,49,NDA,1163362.184,1843156.174,41.72525315,"'-87.67719555",72,BEVERLY,19,22,"(41.72525315, -87.67719555)"
609716,Kelvyn Park High School,HS,4343 W Wrightwood Ave,Chicago,IL,60639,(773) 534-4200,http://schoolreports.cps.edu/SchoolProgressReport_Eng/Spring2011Eng_609716.pdf,North-Northwest Side High School Network,NORTH-NORTHWEST SIDE COLLABORATIVE,No,Standard,Probation,Level 3,No,Weak,32,Weak,28,Weak,32,Weak,28,Weak,19,Average,43,NDA,NDA,NDA,NDA,74.40%,12.9,94.50%,99.50%,NDA,NDA,NDA,NDA,NDA,NDA,NDA,NDA,NDA,NDA,NDA,NDA,,,,,NDA,NDA,NDA,NDA,12.8,12.2,13.8,13.8,1,14.9,1.1,16.7,54.1,35,1252,29,56.9,1146795.845,1916879.493,41.92789092,"'-87.73600171",20,HERMOSA,31,25,"(41.92789092, -87.73600171)"
609746,Kenwood Academy High School,HS,5015 S Blackstone Ave,Chicago,IL,60615,(773) 535-1350,http://schoolreports.cps.edu/SchoolProgressReport_Eng/Spring2011Eng_609746.pdf,South Side High School Network,SOUTH SIDE COLLABORATIVE,No,Standard,Not on Probation,Level 2,No,Strong,63,NDA,NDA,Average,48,Average,56,Weak,NDA,NDA,NDA,NDA,NDA,NDA,NDA,88.40%,5.9,95.30%,99.40%,NDA,NDA,NDA,NDA,NDA,NDA,NDA,NDA,NDA,NDA,60.2,75,69.5,31.0,"'-1.1","'-0.5",Red,Yellow,81.2,49,15.6,15.1,16.8,16.9,1.3,19.1,2.3,26.8,69.5,79.7,1852,46,70.3,1186813.047,1871954.152,41.80375479,"'-87.59038395",39,KENWOOD,4,2,"(41.80375479, -87.59038395)"
609719,Lake View High School,HS,4015 N Ashland Ave,Chicago,IL,60613,(773) 534-5440,http://schoolreports.cps.edu/SchoolProgressReport_Eng/Spring2011Eng_609719.pdf,North-Northwest Side High School Network,NORTH-NORTHWEST SIDE COLLABORATIVE,No,Standard,Not on Probation,Level 2,No,Strong,64,NDA,NDA,Average,52,Average,43,Weak,NDA,NDA,NDA,Average,49,Weak,43,87.70%,8.5,96.20%,100.00%,NDA,NDA,NDA,NDA,NDA,NDA,NDA,NDA,NDA,NDA,NDA,NDA,,,,,NDA,NDA,NDA,NDA,15.3,15.8,16.1,16.7,1.4,17.8,1.7,36.6,81.4,62.8,1500,33,87.3,1164975.217,1926813.581,41.95478361,"'-87.66891643",6,LAKE VIEW,47,19,"(41.95478361, -87.66891643)"
610368,Langston Hughes Elementary School,ES,240 W 104th St,Chicago,IL,60628,(773) 535-5075,http://schoolreports.cps.edu/SchoolProgressReport_Eng/Spring2011Eng_610368.pdf,Rock Island Elementary Network,FAR SOUTH SIDE COLLABORATIVE,No,Standard,Probation,Level 3,No,Weak,28,Average,54,Very Weak,16,Weak,30,Weak,62,Average,48,Weak,46,Strong,56,90.00%,27.5,95.50%,100.00%,44.7,67,19.3,16.8,46.8,54.5,22.7,18.7,57,43.7,0,9.5,8.2,6.1,0.3,"'-0.4",Yellow,Yellow,NDA,NDA,NDA,NDA,NDA,NDA,NDA,NDA,NDA,NDA,NDA,NDA,424,48,NDA,1176345.568,1836013.039,41.70536999,"'-87.62985093",49,ROSELAND,34,5,"(41.70536999, -87.62985093)"
610033,LaSalle Elementary Language Academy,ES,1734 N Orleans St,Chicago,IL,60614,(773) 534-8470,http://schoolreports.cps.edu/SchoolProgressReport_Eng/Spring2011Eng_610033.pdf,Fullerton Elementary Network,NORTH-NORTHWEST SIDE COLLABORATIVE,Yes,Standard,Not on Probation,Level 1,No,Very Strong,99,Strong,79,Strong,62,Average,52,Weak,39,Average,43,Average,53,Average,48,96.80%,7.0,97.60%,100.00%,86,47.4,81.4,78.3,67.7,76.4,79.2,84.7,73.2,76.5,61,71.2,55.5,49.5,0.3,"'-0.3",Yellow,Yellow,NDA,NDA,NDA,NDA,NDA,NDA,NDA,NDA,NDA,NDA,NDA,NDA,576,33,NDA,1173614.170,1911976.635,41.91388230,"'-87.63760107",7,LINCOLN PARK,43,18,"(41.9138823, -87.63760107)"
610520,LaSalle II Magnet Elementary School,ES,1148 N Honore St,Chicago,IL,60622,(773) 534-0490,http://schoolreports.cps.edu/SchoolProgressReport_Eng/Spring2011Eng_610520.pdf,Fulton Elementary Network,WEST SIDE COLLABORATIVE,Yes,Standard,Not on Probation,Level 1,No,Strong,66,Very Strong,81,Weak,36,Average,52,Weak,83,Strong,79,Strong,55,Average,51,95.10%,5.6,94.80%,100.00%,NDA,NDA,61.1,69.9,82.5,80.2,61.1,76.4,70.4,85.5,NDA,NDA,33.8,38.0,1.1,2.0,Green,Green,NDA,NDA,NDA,NDA,NDA,NDA,NDA,NDA,NDA,NDA,NDA,NDA,609,35,NDA,1163810.597,1907900.166,41.90290876,"'-87.67373263",24,WEST TOWN,1,13,"(41.90290876, -87.67373263)"
609910,Laughlin Falconer Elementary School,ES,3020 N Lamon Ave,Chicago,IL,60641,(773) 534-3560,http://schoolreports.cps.edu/SchoolProgressReport_Eng/Spring2011Eng_609910.pdf,Fullerton Elementary Network,NORTH-NORTHWEST SIDE COLLABORATIVE,No,Standard,Not on Probation,Level 2,No,Average,54,Weak,24,Average,48,Weak,27,Weak,22,Weak,30,Average,49,Average,53,96.10%,5.7,97.00%,99.50%,71.7,42.9,47.7,28.5,46.9,63.4,72,33.3,77.2,59.1,NDA,NDA,21.0,14.2,1.1,0.8,Green,Green,NDA,NDA,NDA,NDA,NDA,NDA,NDA,NDA,NDA,NDA,NDA,NDA,1520,29,NDA,1143139.285,1919727.764,41.93577597,"'-87.74936705",19,BELMONT CRAGIN,31,25,"(41.93577597, -87.74936705)"
610133,Laura S Ward Elementary School,ES,410 N Monticello Ave,Chicago,IL,60624,(773) 534-6440,http://schoolreports.cps.edu/SchoolProgressReport_Eng/Spring2011Eng_610133.pdf,Garfield-Humboldt Elementary Network,WEST SIDE COLLABORATIVE,No,Track_E,Probation,Level 3,No,NDA,,NDA,NDA,NDA,,NDA,,Weak,NDA,NDA,NDA,NDA,NDA,NDA,NDA,92.90%,3.9,97.50%,100.00%,72.6,54,35.2,13,43.5,60.7,41.7,27.5,44,50.4,14.3,47.1,14.2,6.9,"'-3.5","'-5.0",Red,Red,NDA,NDA,NDA,NDA,NDA,NDA,NDA,NDA,NDA,NDA,NDA,NDA,429,34,NDA,1151927.188,1902542.787,41.88845002,"'-87.71752405",23,HUMBOLDT PARK,27,11,"(41.88845002, -87.71752405)"
610034,Lawndale Elementary Community Academy,ES,3500 W Douglas Blvd,Chicago,IL,60623,(773) 534-1635,http://schoolreports.cps.edu/SchoolProgressReport_Eng/Spring2011Eng_610034.pdf,Austin-North Lawndale Elementary Network,WEST SIDE COLLABORATIVE,No,Track_E,Probation,Level 3,No,NDA,,NDA,NDA,NDA,,NDA,,Weak,NDA,NDA,NDA,NDA,NDA,NDA,NDA,91.00%,18.8,94.80%,98.00%,43.4,NDA,17.2,10,34,44,21.1,15.9,45.2,47,0,2,3.3,4.0,"'-2.1","'-2.2",Red,Red,NDA,NDA,NDA,NDA,NDA,NDA,NDA,NDA,NDA,NDA,NDA,NDA,508,37,NDA,1153224.421,1893272.908,41.86298683,"'-87.71300615",29,NORTH LAWNDALE,24,10,"(41.86298683, -87.71300615)"
610024,Lazaro Cardenas Elementary School,ES,2345 S Millard Ave,Chicago,IL,60623,(773) 534-1465,http://schoolreports.cps.edu/SchoolProgressReport_Eng/Spring2011Eng_610024.pdf,Pilsen-Little Village Elementary Network,WEST SIDE COLLABORATIVE,No,Track_E,Not on Probation,Level 1,No,NDA,,Average,58,NDA,,NDA,,Weak,62,Average,58,Average,52,Strong,57,96.30%,3.2,98.50%,100.00%,77.2,59.6,31.9,26.5,41.4,57.7,NDA,NDA,NDA,NDA,NDA,NDA,26.3,15.8,,,NDA,NDA,NDA,NDA,NDA,NDA,NDA,NDA,NDA,NDA,NDA,NDA,NDA,NDA,654,37,NDA,1152451.967,1887990.693,41.84850710,"'-87.71598119",30,SOUTH LAWNDALE,22,10,"(41.8485071, -87.71598119)"
609907,Leif Ericson Elementary Scholastic Academy,ES,3600 W 5th Ave,Chicago,IL,60624,(773) 534-6660,http://schoolreports.cps.edu/SchoolProgressReport_Eng/Spring2011Eng_609907.pdf,Garfield-Humboldt Elementary Network,WEST SIDE COLLABORATIVE,No,Standard,Probation,Level 2,No,Weak,33,NDA,NDA,Average,49,Average,52,Weak,NDA,NDA,NDA,Weak,45,Weak,45,94.70%,20.8,95.10%,100.00%,76.1,70.9,41.3,22.4,43.1,58.5,43.8,25.4,60.9,40.9,10.4,20.8,13.3,7.7,2.0,1.0,Green,Green,51.1,4.2,NDA,NDA,NDA,NDA,NDA,NDA,NDA,NDA,NDA,NDA,518,34,NDA,1152417.444,1897922.540,41.87576191,"'-87.71584573",27,EAST GARFIELD PARK,28,11,"(41.87576191, -87.71584573)"
610298,Lenart Elementary Regional Gifted Center,ES,8101 S LaSalle St,Chicago,IL,60620,(773) 535-0040,http://schoolreports.cps.edu/SchoolProgressReport_Eng/Spring2011Eng_610298.pdf,Skyway Elementary Network,SOUTH SIDE COLLABORATIVE,Yes,Standard,Not on Probation,Level 1,No,Strong,79,Average,58,Average,51,Strong,67,Weak,50,Strong,63,Average,52,Average,52,97.40%,0.3,97.80%,100.00%,NDA,NDA,93.9,96.9,69.4,46.9,93.5,96.8,57.6,55.9,86.7,93.3,88.0,86.4,1.0,0.5,Green,Yellow,100,70,NDA,NDA,NDA,NDA,NDA,NDA,NDA,NDA,NDA,NDA,328,45,NDA,1176725.617,1851241.455,41.74715024,"'-87.62800231",44,CHATHAM,21,6,"(41.74715024, -87.62800231)"
610036,Leslie Lewis Elementary School,ES,1431 N Leamington Ave,Chicago,IL,60651,(773) 534-3060,http://schoolreports.cps.edu/SchoolProgressReport_Eng/Spring2011Eng_610036.pdf,Austin-North Lawndale Elementary Network,WEST SIDE COLLABORATIVE,No,Track_E,Probation,Level 3,No,Weak,21,Weak,37,Weak,36,Strong,64,Weak,30,Average,48,Weak,42,Weak,43,91.80%,37.7,95.30%,98.60%,67.8,58.4,20.3,19.8,51.3,40.1,15.8,22.5,53.5,58.3,2.3,4.5,4.0,5.0,"'-0.5","'-0.1",Red,Yellow,NDA,NDA,NDA,NDA,NDA,NDA,NDA,NDA,NDA,NDA,NDA,NDA,565,36,NDA,1141810.292,1909168.612,41.90682528,"'-87.75451319",25,AUSTIN,37,25,"(41.90682528, -87.75451319)"
609738,Lincoln Park High School,HS,2001 N Orchard St,Chicago,IL,60614,(773) 534-8130,http://schoolreports.cps.edu/SchoolProgressReport_Eng/Spring2011Eng_609738.pdf,North-Northwest Side High School Network,NORTH-NORTHWEST SIDE COLLABORATIVE,No,Standard,Not on Probation,Level 2,No,Strong,65,Strong,61,Average,44,Average,49,Weak,45,Average,45,NDA,NDA,NDA,NDA,84.60%,9.2,96.00%,100.00%,NDA,NDA,NDA,NDA,NDA,NDA,NDA,NDA,NDA,NDA,NDA,NDA,,,,,NDA,NDA,NDA,NDA,17.7,18,18.6,19,1.3,21.6,3,53.6,77.9,75.5,2342,33,74.4,1171322.336,1913569.392,41.91830362,"'-87.64597389",7,LINCOLN PARK,43,18,"(41.91830362, -87.64597389)"
609807,Lionel Hampton Fine & Performing Arts Elementary School,ES,3434 W 77th St,Chicago,IL,60652,(773) 535-4030,http://schoolreports.cps.edu/SchoolProgressReport_Eng/Spring2011Eng_609807.pdf,Midway Elementary Network,SOUTHWEST SIDE COLLABORATIVE,No,Track_E,Probation,Level 2,No,Average,42,NDA,NDA,Weak,34,Weak,28,Weak,NDA,NDA,NDA,Weak,46,Average,51,95.00%,94.9,96.60%,100.00%,59.6,40,35.3,28.6,57.1,56.1,37.6,33.8,52.8,54.6,9,37.2,9.4,9.4,"'-1.0",0.0,Red,Yellow,NDA,NDA,NDA,NDA,NDA,NDA,NDA,NDA,NDA,NDA,NDA,NDA,658,44,NDA,1154672.983,1853379.243,41.75348432,"'-87.70875287",70,ASHBURN,18,8,"(41.75348432, -87.70875287)"
609834,Little Village Elementary School,ES,2620 S Lawndale Ave,Chicago,IL,60623,(773) 534-1880,http://schoolreports.cps.edu/SchoolProgressReport_Eng/Spring2011Eng_609834.pdf,Pilsen-Little Village Elementary Network,WEST SIDE COLLABORATIVE,No,Track_E,Not on Probation,Level 1,No,Average,45,Average,43,Average,52,Strong,66,Weak,45,Average,43,Average,47,Average,50,96.70%,3.2,96.70%,93.90%,69,56,26,25.1,49.8,52.2,42.1,32.6,63.2,56.3,17.6,19.4,11.3,11.4,0.6,1.5,Green,Green,30.9,66.7,NDA,NDA,NDA,NDA,NDA,NDA,NDA,NDA,NDA,NDA,842,37,NDA,1152090.217,1886231.173,41.84368588,"'-87.71735516",30,SOUTH LAWNDALE,22,10,"(41.84368588, -87.71735516)"
610325,Logandale Middle School,MS,3212 W George St,Chicago,IL,60618,(773) 534-5350,http://schoolreports.cps.edu/SchoolProgressReport_Eng/Spring2011Eng_610325.pdf,Fullerton Elementary Network,NORTH-NORTHWEST SIDE COLLABORATIVE,No,Standard,Not on Probation,Level 2,No,Average,56,NDA,NDA,Weak,32,Weak,28,Weak,NDA,NDA,NDA,Average,50,Average,51,95.10%,5.1,95.60%,100.00%,NDA,NDA,NDA,NDA,NDA,NDA,39.1,31,56.9,55.1,20,22.6,11.6,7.8,"'-0.6","'-0.3",Yellow,Yellow,34.8,37.5,NDA,NDA,NDA,NDA,NDA,NDA,NDA,NDA,NDA,NDA,941,29,NDA,1154387.612,1919159.019,41.93399760,"'-87.70804359",21,AVONDALE,35,14,"(41.9339976, -87.70804359)"
609809,Lorenz Brentano Math & Science Academy Elementary School,ES,2723 N Fairfield Ave,Chicago,IL,60647,(773) 534-4100,http://schoolreports.cps.edu/SchoolProgressReport_Eng/Spring2011Eng_609809.pdf,Fullerton Elementary Network,NORTH-NORTHWEST SIDE COLLABORATIVE,No,Standard,Not on Probation,Level 2,No,Average,57,Average,47,Average,43,Average,46,Weak,30,Weak,32,NDA,NDA,NDA,NDA,94.70%,9.2,97.70%,100.00%,48.5,42.6,44.2,30.8,50.9,56.1,54.4,30.9,48.9,46.6,20.8,28.3,18.4,8.2,"'-1.6","'-1.0",Red,Red,48.1,3.8,NDA,NDA,NDA,NDA,NDA,NDA,NDA,NDA,NDA,NDA,455,31,NDA,1157602.725,1918079.537,41.93097047,"'-87.69625758",22,LOGAN SQUARE,35,14,"(41.93097047, -87.69625758)"
609773,Louis A Agassiz Elementary School,ES,2851 N Seminary Ave,Chicago,IL,60657,(773) 534-5725,http://schoolreports.cps.edu/SchoolProgressReport_Eng/Spring2011Eng_609773.pdf,Ravenswood-Ridge Elementary Network,NORTH-NORTHWEST SIDE COLLABORATIVE,No,Standard,Not on Probation,Level 1,No,Average,53,NDA,NDA,Weak,23,Weak,21,Weak,NDA,NDA,NDA,Strong,56,Average,47,95.20%,32.6,96.80%,98.10%,68.5,39,44.1,49.5,44.9,49.5,43.6,50,43.6,43.6,30,53.3,27.5,27.5,0.2,"'-0.9",Yellow,Yellow,NDA,NDA,NDA,NDA,NDA,NDA,NDA,NDA,NDA,NDA,NDA,NDA,432,33,NDA,1168495.925,1919310.804,41.93412004,"'-87.65619167",6,LAKE VIEW,44,19,"(41.93412004, -87.65619167)"
609774,Louisa May Alcott Elementary School,ES,2625 N Orchard St,Chicago,IL,60614,(773) 534-5460,http://schoolreports.cps.edu/SchoolProgressReport_Eng/Spring2011Eng_609774.pdf,Fullerton Elementary Network,NORTH-NORTHWEST SIDE COLLABORATIVE,Yes,Standard,Not on Probation,Level 1,No,NDA,,Strong,66,NDA,,NDA,,Weak,56,Average,57,Strong,60,Weak,41,96.60%,3.7,97.10%,93.20%,85.1,75.1,72.6,76.9,56.4,55.2,73.1,70.7,69.2,59.8,43.5,47.8,52.6,46.1,0.4,0.3,Yellow,Yellow,50,73.9,NDA,NDA,NDA,NDA,NDA,NDA,NDA,NDA,NDA,NDA,481,35,NDA,1171189.134,1917774.756,41.92984626,"'-87.64633949",7,LINCOLN PARK,43,19,"(41.92984626, -87.64633949)"
610156,Louis Armstrong Math & Science Elementary School,ES,5345 W Congress Pkwy,Chicago,IL,60644,(773) 534-6365,http://schoolreports.cps.edu/SchoolProgressReport_Eng/Spring2011Eng_610156.pdf,Austin-North Lawndale Elementary Network,WEST SIDE COLLABORATIVE,No,Track_E,Probation,Level 3,No,Average,42,NDA,NDA,Average,49,Strong,62,Weak,NDA,NDA,NDA,Strong,59,Average,53,92.60%,83.4,97.90%,100.00%,NDA,NDA,20,16.5,36.4,31.6,41.4,34.5,57.1,60.7,NDA,NDA,1.7,7.8,"'-0.8",0.1,Yellow,Yellow,NDA,NDA,NDA,NDA,NDA,NDA,NDA,NDA,NDA,NDA,NDA,NDA,93,36,NDA,1140614.251,1897119.257,41.87378243,"'-87.75920297",25,AUSTIN,29,15,"(41.87378243, -87.75920297)"
610094,Louis Nettelhorst Elementary School,ES,3252 N Broadway St,Chicago,IL,60657,(773) 534-5810,http://schoolreports.cps.edu/SchoolProgressReport_Eng/Spring2011Eng_610094.pdf,Ravenswood-Ridge Elementary Network,NORTH-NORTHWEST SIDE COLLABORATIVE,Yes,Standard,Not on Probation,Level 1,No,Average,58,NDA,NDA,Weak,34,Weak,30,Weak,NDA,NDA,NDA,NDA,NDA,NDA,NDA,95.50%,5.3,95.90%,97.90%,85.4,52.2,67.6,71.2,61.6,61.4,56.8,66.7,45.1,51,29.6,29.6,38.2,42.4,0.2,0.0,Yellow,Yellow,53.6,33.3,NDA,NDA,NDA,NDA,NDA,NDA,NDA,NDA,NDA,NDA,729,33,NDA,1171628.585,1922072.580,41.94162999,"'-87.64459776",6,LAKE VIEW,44,19,"(41.94162999, -87.64459776)"
610117,Louis Pasteur Elementary School,ES,5825 S Kostner Ave,Chicago,IL,60629,(773) 535-2270,http://schoolreports.cps.edu/SchoolProgressReport_Eng/Spring2011Eng_610117.pdf,Midway Elementary Network,SOUTHWEST SIDE COLLABORATIVE,No,Track_E,Not on Probation,Level 2,No,Average,50,NDA,NDA,Average,42,Weak,38,Weak,NDA,NDA,NDA,NDA,NDA,NDA,NDA,95.00%,5.0,95.80%,97.30%,45,19.2,39.1,43.4,53.6,57.4,39.8,50.8,46,51.5,17,28.1,15.9,13.7,"'-3.1","'-0.6",Red,Yellow,NDA,NDA,NDA,NDA,NDA,NDA,NDA,NDA,NDA,NDA,NDA,NDA,1173,44,NDA,1148072.928,1865505.479,41.78688968,"'-87.73262962",62,WEST ELSDON,13,8,"(41.78688968, -87.73262962)"
610237,Ludwig Van Beethoven Elementary School,ES,25 W 47th St,Chicago,IL,60609,(773) 535-1480,http://schoolreports.cps.edu/SchoolProgressReport_Eng/Spring2011Eng_610237.pdf,Burnham Park Elementary Network,SOUTH SIDE COLLABORATIVE,No,Track_E,Probation,Level 3,No,Average,40,NDA,NDA,Average,58,Average,59,Weak,NDA,NDA,NDA,Weak,46,Average,52,93.70%,11.4,94.70%,98.70%,58.3,72.6,18.7,18.2,43.1,44.2,33.8,12.5,54.5,39.2,NDA,NDA,16.5,4.0,0.7,"'-0.8",Green,Yellow,39.1,70.6,NDA,NDA,NDA,NDA,NDA,NDA,NDA,NDA,NDA,NDA,411,42,NDA,1176782.610,1873820.331,41.80910779,"'-87.62711401",38,GRAND BOULEVARD,3,2,"(41.80910779, -87.62711401)"
610108,Luke O'Toole Elementary School,ES,6550 S Seeley Ave,Chicago,IL,60636,(773) 535-9040,http://schoolreports.cps.edu/SchoolProgressReport_Eng/Spring2011Eng_610108.pdf,Englewood-Gresham Elementary Network,SOUTHWEST SIDE COLLABORATIVE,No,Track_E,Probation,Level 3,No,Very Weak,5,NDA,NDA,Weak,33,Average,40,Weak,NDA,NDA,NDA,Weak,45,Average,47,89.20%,26.7,94.60%,100.00%,63.5,NDA,21.2,17.1,39.4,49.6,26,21.1,55.1,50.3,2.9,13.4,7.8,4.6,"'-0.3","'-0.2",Yellow,Yellow,NDA,NDA,NDA,NDA,NDA,NDA,NDA,NDA,NDA,NDA,NDA,NDA,511,43,NDA,1163788.552,1860992.429,41.77418952,"'-87.67513395",67,WEST ENGLEWOOD,15,7,"(41.77418952, -87.67513395)"
609818,Luther Burbank Elementary School,ES,2035 N Mobile Ave,Chicago,IL,60639,(773) 534-3000,http://schoolreports.cps.edu/SchoolProgressReport_Eng/Spring2011Eng_609818.pdf,Fullerton Elementary Network,NORTH-NORTHWEST SIDE COLLABORATIVE,No,Standard,Not on Probation,Level 2,No,Weak,37,NDA,NDA,Average,42,Weak,34,Weak,NDA,NDA,NDA,Average,47,Average,49,95.20%,9.8,95.50%,100.00%,60.8,45.2,42.8,34.9,61.2,63.8,41,34.4,55,54.5,13.1,17.2,20.6,11.3,"'-0.2",0.2,Yellow,Yellow,NDA,NDA,NDA,NDA,NDA,NDA,NDA,NDA,NDA,NDA,NDA,NDA,1139,29,NDA,1134122.521,1913042.046,41.91759334,"'-87.78266267",19,BELMONT CRAGIN,29,25,"(41.91759334, -87.78266267)"
609817,Lyman A Budlong Elementary School,ES,2701 W Foster Ave,Chicago,IL,60625,(773) 534-2591,http://schoolreports.cps.edu/SchoolProgressReport_Eng/Spring2011Eng_609817.pdf,Ravenswood-Ridge Elementary Network,NORTH-NORTHWEST SIDE COLLABORATIVE,No,Standard,Not on Probation,Level 2,No,Average,59,Average,56,Weak,33,Weak,38,Weak,44,Average,41,Average,50,Average,49,95.40%,3.9,95.70%,98.70%,77.1,54.4,44.9,53.5,48.1,57.9,36.3,44,44.7,36.4,9.1,23.6,26.6,23.7,"'-1.7","'-0.4",Red,Yellow,48.1,16,NDA,NDA,NDA,NDA,NDA,NDA,NDA,NDA,NDA,NDA,864,31,NDA,1157387.173,1934388.087,41.97572652,"'-87.69660443",4,LINCOLN SQUARE,40,20,"(41.97572652, -87.69660443)"
610205,Lyman Trumbull Elementary School,ES,5200 N Ashland Ave,Chicago,IL,60640,(773) 534-2430,http://schoolreports.cps.edu/SchoolProgressReport_Eng/Spring2011Eng_610205.pdf,Ravenswood-Ridge Elementary Network,NORTH-NORTHWEST SIDE COLLABORATIVE,No,Standard,Probation,Level 3,No,Average,56,NDA,NDA,Average,47,Weak,25,Weak,NDA,NDA,NDA,Average,50,Strong,55,94.30%,17.8,95.20%,97.70%,55.1,25.7,21.6,29,37.5,38,39,42.2,30.4,31.8,21.1,36.8,14.2,13.5,"'-1.8","'-1.5",Red,Red,NDA,NDA,NDA,NDA,NDA,NDA,NDA,NDA,NDA,NDA,NDA,NDA,438,32,NDA,1164684.835,1934622.012,41.97621644,"'-87.66976160",77,EDGEWATER,40,20,"(41.97621644, -87.6697616)"
610369,Mahalia Jackson Elementary School,ES,917 W 88th St,Chicago,IL,60620,(773) 535-3341,http://schoolreports.cps.edu/SchoolProgressReport_Eng/Spring2011Eng_610369.pdf,Englewood-Gresham Elementary Network,SOUTHWEST SIDE COLLABORATIVE,No,Track_E,Probation,Level 3,No,Weak,38,NDA,NDA,Average,54,Strong,66,Weak,NDA,NDA,NDA,Weak,46,Average,51,92.50%,35.7,94.60%,96.60%,57.8,44.4,14.8,24.4,47.8,44.6,24.4,31.1,54.2,48.1,6.7,6.9,7.6,9.2,"'-0.3",0.5,Yellow,Yellow,NDA,NDA,NDA,NDA,NDA,NDA,NDA,NDA,NDA,NDA,NDA,NDA,323,49,NDA,1171645.681,1846444.016,41.73409818,"'-87.64675679",71,AUBURN GRESHAM,21,22,"(41.73409818, -87.64675679)"
610197,Mancel Talcott Elementary School,ES,1840 W Ohio St,Chicago,IL,60622,(773) 534-7130,http://schoolreports.cps.edu/SchoolProgressReport_Eng/Spring2011Eng_610197.pdf,Fulton Elementary Network,WEST SIDE COLLABORATIVE,No,Standard,Not on Probation,Level 1,No,Strong,63,Average,58,Average,59,Strong,71,Weak,53,Average,55,Average,51,Average,49,95.80%,3.2,96.90%,100.00%,68.2,NDA,43.2,27,49.6,55,70.3,53.5,68.6,62.7,17,34,25.6,20.8,0.2,0.8,Yellow,Yellow,37.3,57.9,NDA,NDA,NDA,NDA,NDA,NDA,NDA,NDA,NDA,NDA,580,35,NDA,1163847.473,1904082.620,41.89243235,"'-87.67370499",24,WEST TOWN,1,13,"(41.89243235, -87.67370499)"
609722,Manley Career Academy High School,HS,2935 W Polk St,Chicago,IL,60612,(773) 534-6900,http://schoolreports.cps.edu/SchoolProgressReport_Eng/Spring2011Eng_609722.pdf,West Side High School Network,WEST SIDE COLLABORATIVE,No,Standard,Probation,Level 3,No,Average,41,Weak,39,Average,43,Weak,31,Weak,19,Weak,32,NDA,NDA,NDA,NDA,66.80%,19.7,95.40%,98.40%,NDA,NDA,NDA,NDA,NDA,NDA,NDA,NDA,NDA,NDA,NDA,NDA,,,,,NDA,NDA,NDA,NDA,12.2,11.9,13.3,13,0.8,13.8,0.5,6.7,49,51.9,599,37,59.3,1156776.858,1896186.780,41.87091163,"'-87.69988652",27,EAST GARFIELD PARK,28,11,"(41.87091163, -87.69988652)"
609872,Manuel Perez Elementary School,ES,1241 W 19th St,Chicago,IL,60608,(773) 534-7650,http://schoolreports.cps.edu/SchoolProgressReport_Eng/Spring2011Eng_609872.pdf,Pilsen-Little Village Elementary Network,WEST SIDE COLLABORATIVE,No,Standard,Not on Probation,Level 1,Yes,Average,45,NDA,NDA,Average,42,Average,45,Weak,NDA,NDA,NDA,Average,52,Average,50,95.90%,7.3,96.60%,100.00%,67.7,NDA,37.9,33.6,61.1,62.3,45.9,26.7,71.8,51.8,14,14,14.8,8.7,0.0,1.1,Yellow,Green,35.6,18.8,NDA,NDA,NDA,NDA,NDA,NDA,NDA,NDA,NDA,NDA,426,39,NDA,1168231.034,1890840.422,41.85600113,"'-87.65798870",31,LOWER WEST SIDE,25,12,"(41.85600113, -87.6579887)"
610128,Marcus Moziah Garvey Elementary School,ES,10309 S Morgan St,Chicago,IL,60643,(773) 535-2763,http://schoolreports.cps.edu/SchoolProgressReport_Eng/Spring2011Eng_610128.pdf,Rock Island Elementary Network,FAR SOUTH SIDE COLLABORATIVE,No,Track_E,Not on Probation,Level 2,No,Average,50,NDA,NDA,Average,50,Average,48,Weak,NDA,NDA,NDA,Average,49,Average,51,94.00%,20.5,96.00%,100.00%,69.3,62.7,40.4,47.4,60.2,59.8,55.4,52.9,73.1,63.9,10.3,48.7,22.4,18.5,0.1,0.9,Yellow,Green,30.8,69.2,NDA,NDA,NDA,NDA,NDA,NDA,NDA,NDA,NDA,NDA,356,49,NDA,1171511.646,1836420.671,41.70659560,"'-87.64754034",73,WASHINGTON HEIGHTS,34,22,"(41.7065956, -87.64754034)"
610544,Mariano Azuela Elementary School,ES,4707 W Marquette Rd,Chicago,IL,60629,(773) 535-7395,http://schoolreports.cps.edu/SchoolProgressReport_Eng/Spring2011Eng_610544.pdf,Midway Elementary Network,SOUTHWEST SIDE COLLABORATIVE,No,Track_E,Not on Probation,Not Enough Data,No,Average,54,Very Strong,96,Strong,61,Very Strong,81,Weak,73,Very Strong,84,Average,47,Strong,58,95.50%,19.7,0.00%,98.70%,69.5,42.9,28.7,26.1,48.2,32.1,46.9,34.9,55.2,57.4,NDA,NDA,13.0,11.9,"'-1.3",0.2,Red,Yellow,NDA,NDA,NDA,NDA,NDA,NDA,NDA,NDA,NDA,NDA,NDA,NDA,873,44,NDA,1146123.640,1859720.388,41.77105158,"'-87.73992325",65,WEST LAWN,13,8,"(41.77105158, -87.73992325)"
610017,Maria Saucedo Elementary Scholastic Academy,ES,2850 W 24th Blvd,Chicago,IL,60623,(773) 534-1770,http://schoolreports.cps.edu/SchoolProgressReport_Eng/Spring2011Eng_610017.pdf,Pilsen-Little Village Elementary Network,WEST SIDE COLLABORATIVE,No,Standard,Not on Probation,Level 1,No,Strong,60,NDA,NDA,Average,55,Strong,64,Weak,NDA,NDA,NDA,Weak,43,Weak,42,96.80%,19.4,96.90%,98.90%,72.3,35.3,38.6,35.8,54.9,57.5,51.8,39.8,56.3,52.8,15.3,27,24.3,16.0,2.0,1.7,Green,Green,10.8,91.7,NDA,NDA,NDA,NDA,NDA,NDA,NDA,NDA,NDA,NDA,1306,39,NDA,1157546.774,1887831.632,41.84796859,"'-87.69728712",30,SOUTH LAWNDALE,12,10,"(41.84796859, -87.69728712)"
609756,Marie Sklodowska Curie Metropolitan High School,HS,4959 S Archer Ave,Chicago,IL,60632,(773) 535-2100,http://schoolreports.cps.edu/SchoolProgressReport_Eng/Spring2011Eng_609756.pdf,Southwest Side High School Network,SOUTHWEST SIDE COLLABORATIVE,No,Standard,Probation,Level 3,No,Average,43,Weak,35,Weak,37,Average,45,Weak,33,Weak,39,NDA,NDA,NDA,NDA,85.00%,9.1,95.00%,100.00%,NDA,NDA,NDA,NDA,NDA,NDA,NDA,NDA,NDA,NDA,NDA,NDA,,,,,NDA,NDA,NDA,NDA,14.2,14.2,15.6,15.1,0.9,16.9,1.3,22.9,76.1,61.3,3320,37,61,1150928.132,1871413.203,41.80304615,"'-87.72200673",57,ARCHER HEIGHTS,14,8,"(41.80304615, -87.72200673)"
610502,Marine Military Math and Science Academy,HS,145 S Campbell Ave,Chicago,IL,60612,(773) 534-7818,http://schoolreports.cps.edu/SchoolProgressReport_Eng/Spring2011Eng_610502.pdf,West Side High School Network,WEST SIDE COLLABORATIVE,No,Standard,Not on Probation,Level 2,No,Average,41,Average,49,Weak,38,Weak,34,Weak,53,Weak,35,Strong,54,Average,49,91.30%,4.5,95.30%,100.00%,NDA,NDA,NDA,NDA,NDA,NDA,NDA,NDA,NDA,NDA,NDA,NDA,,,,,NDA,NDA,NDA,NDA,14,15,15.9,15.3,1.3,17.7,1.8,37.7,NDA,NDA,366,38,86.3,1159815.389,1899102.492,41.87885054,"'-87.68865058",28,NEAR WEST SIDE,2,11,"(41.87885054, -87.68865058)"
610081,Mark Sheridan Elementary Math & Science Academy,ES,533 W 27th St,Chicago,IL,60616,(773) 534-9120,http://schoolreports.cps.edu/SchoolProgressReport_Eng/Spring2011Eng_610081.pdf,Pershing Elementary Network,SOUTHWEST SIDE COLLABORATIVE,Yes,Standard,Not on Probation,Level 1,No,Strong,74,Average,59,Average,53,Strong,63,Weak,59,Strong,63,Strong,55,Average,51,96.80%,1.3,97.00%,95.90%,85.5,NDA,62.7,74,72.3,77.4,59.4,62.4,67.8,61.3,35.9,42.2,47.2,38.3,1.5,1.5,Green,Green,50,65.6,NDA,NDA,NDA,NDA,NDA,NDA,NDA,NDA,NDA,NDA,535,40,NDA,1172807.818,1886639.308,41.84437293,"'-87.64131399",60,BRIDGEPORT,11,9,"(41.84437293, -87.64131399)"
610177,Mark Skinner Elementary School,ES,1260 W Adams St,Chicago,IL,60607,(773) 534-7790,http://schoolreports.cps.edu/SchoolProgressReport_Eng/Spring2011Eng_610177.pdf,Fulton Elementary Network,WEST SIDE COLLABORATIVE,Yes,Standard,Not on Probation,Level 1,No,Very Strong,87,NDA,NDA,Average,48,Average,53,Weak,NDA,NDA,NDA,NDA,NDA,NDA,NDA,97.10%,0.0,94.90%,96.70%,NDA,NDA,92.5,96.8,61.5,59.1,89.4,97.8,56.5,56.8,81.6,91.8,77.2,73.0,1.0,0.6,Green,Yellow,NDA,NDA,NDA,NDA,NDA,NDA,NDA,NDA,NDA,NDA,NDA,NDA,784,38,NDA,1167788.281,1899265.832,41.87913069,"'-87.65937102",28,NEAR WEST SIDE,27,12,"(41.87913069, -87.65937102)"
610206,Mark Twain Elementary School,ES,5134 S Lotus Ave,Chicago,IL,60638,(773) 535-2290,http://schoolreports.cps.edu/SchoolProgressReport_Eng/Spring2011Eng_610206.pdf,Midway Elementary Network,SOUTHWEST SIDE COLLABORATIVE,No,Standard,Not on Probation,Level 1,No,Strong,67,Strong,76,Average,46,Average,44,Weak,84,Strong,71,Strong,60,Strong,60,96.30%,5.3,97.80%,98.30%,84.6,61.1,44.4,48.5,53.2,63.3,49.1,58.1,62.2,55.8,32.1,43.8,32.3,19.8,0.2,"'-0.4",Yellow,Yellow,NDA,NDA,NDA,NDA,NDA,NDA,NDA,NDA,NDA,NDA,NDA,NDA,1161,44,NDA,1140861.083,1869888.283,41.79905206,"'-87.75896524",56,GARFIELD RIDGE,23,8,"(41.79905206, -87.75896524)"
610053,Marquette Elementary School,ES,6550 S Richmond St,Chicago,IL,60629,(773) 535-9260,http://schoolreports.cps.edu/SchoolProgressReport_Eng/Spring2011Eng_610053.pdf,Midway Elementary Network,SOUTHWEST SIDE COLLABORATIVE,No,Track_E,Probation,Level 3,No,Very Weak,15,NDA,NDA,Very Weak,17,Very Weak,17,Weak,NDA,NDA,NDA,Weak,43,Weak,46,93.10%,64.6,95.30%,99.30%,54.4,21.8,22.6,16.2,42,40,14.2,16.2,31.2,40.2,4.2,13.2,6.8,4.6,"'-1.4","'-0.6",Red,Red,NDA,NDA,NDA,NDA,NDA,NDA,NDA,NDA,NDA,NDA,NDA,NDA,1390,44,NDA,1157806.476,1860844.388,41.77390682,"'-87.69706730",66,CHICAGO LAWN,15,8,"(41.77390682, -87.6970673)"
610152,Martha Ruggles Elementary School,ES,7831 S Prairie Ave,Chicago,IL,60619,(773) 535-3085,http://schoolreports.cps.edu/SchoolProgressReport_Eng/Spring2011Eng_610152.pdf,Skyway Elementary Network,SOUTH SIDE COLLABORATIVE,No,Track_E,Probation,Level 2,No,Average,43,NDA,NDA,Weak,37,Average,41,Weak,NDA,NDA,NDA,Average,48,Weak,46,93.90%,30.9,96.70%,98.00%,NDA,49.3,23.6,21.9,55,57.6,26.8,24.4,51.3,56.5,8.8,26.5,8.7,5.5,0.2,1.0,Yellow,Green,NDA,NDA,NDA,NDA,NDA,NDA,NDA,NDA,NDA,NDA,NDA,NDA,417,46,NDA,1179432.460,1853011.922,41.75194729,"'-87.61802983",69,GREATER GRAND CROSSING,6,6,"(41.75194729, -87.61802983)"
610154,Martin A Ryerson Elementary School,ES,646 N Lawndale Ave,Chicago,IL,60624,(773) 534-6700,http://schoolreports.cps.edu/SchoolProgressReport_Eng/Spring2011Eng_610154.pdf,Garfield-Humboldt Elementary Network,WEST SIDE COLLABORATIVE,No,Track_E,Not on Probation,Level 1,No,Average,40,Weak,32,Average,48,Average,43,Weak,41,Weak,37,Weak,45,Average,48,95.50%,95.1,96.80%,100.00%,63.6,48.6,33.3,19.2,48.9,72.9,59.2,26.4,93.3,67.5,13.6,11.4,23.1,17.1,2.8,0.2,Green,Yellow,NDA,NDA,NDA,NDA,NDA,NDA,NDA,NDA,NDA,NDA,NDA,NDA,445,34,NDA,1151558.259,1904275.283,41.89321142,"'-87.71883334",23,HUMBOLDT PARK,27,11,"(41.89321142, -87.71883334)"
610539,Marvin Camras Elementary School,ES,3000 N Mango Ave,Chicago,IL,60634,(773) 534-2960,http://schoolreports.cps.edu/SchoolProgressReport_Eng/Spring2011Eng_610539.pdf,Fullerton Elementary Network,NORTH-NORTHWEST SIDE COLLABORATIVE,No,Standard,Not on Probation,Not Enough Data,No,Average,54,Average,58,Weak,37,Average,41,Weak,83,Very Strong,88,Average,51,Strong,55,95.10%,4.3,0.00%,97.70%,47.5,39.9,30.8,27.8,47.8,38.6,41.1,38.5,49.2,55.4,15.3,30.5,11.2,12.0,"'-1.8","'-0.3",Red,Yellow,NDA,NDA,NDA,NDA,NDA,NDA,NDA,NDA,NDA,NDA,NDA,NDA,826,30,NDA,1137482.296,1919394.900,41.93496641,"'-87.77016525",19,BELMONT CRAGIN,30,25,"(41.93496641, -87.77016525)"
610355,Mary E Courtenay Elementary Language Arts Center,ES,1726 W Berteau Ave,Chicago,IL,60613,(773) 534-5790,http://schoolreports.cps.edu/SchoolProgressReport_Eng/Spring2011Eng_610355.pdf,Ravenswood-Ridge Elementary Network,NORTH-NORTHWEST SIDE COLLABORATIVE,Yes,Standard,Not on Probation,Level 2,No,Very Strong,99,NDA,NDA,Very Strong,95,Very Strong,80,Weak,NDA,NDA,NDA,Strong,59,Average,49,94.90%,10.8,94.20%,100.00%,90.5,92.9,51,38.5,62,59.2,47.7,57.8,45.5,37.8,16.7,55.6,21.2,28.6,"'-1.2","'-0.8",Red,Yellow,19,NDA,NDA,NDA,NDA,NDA,NDA,NDA,NDA,NDA,NDA,NDA,257,33,NDA,1164156.393,1927985.538,41.95801690,"'-87.67189330",6,LAKE VIEW,47,19,"(41.9580169, -87.6718933)"
610312,Mary E McDowell Elementary School,ES,1419 E 89th St,Chicago,IL,60619,(773) 535-6404,http://schoolreports.cps.edu/SchoolProgressReport_Eng/Spring2011Eng_610312.pdf,Skyway Elementary Network,SOUTH SIDE COLLABORATIVE,No,Track_E,Not on Probation,Level 2,No,NDA,,Average,49,NDA,,NDA,,Weak,74,Average,53,NDA,NDA,NDA,NDA,95.50%,3.1,96.10%,100.00%,79.3,53.8,39,54.2,50.8,64.4,NDA,NDA,NDA,NDA,NDA,NDA,21.0,16.1,0.0,"'-0.5",Yellow,Yellow,NDA,NDA,NDA,NDA,NDA,NDA,NDA,NDA,NDA,NDA,NDA,NDA,188,47,NDA,1187249.141,1846211.629,41.73310470,"'-87.58960096",48,CALUMET HEIGHTS,8,4,"(41.7331047, -87.58960096)"
610127,Mary Gage Peterson Elementary School,ES,5510 N Christiana Ave,Chicago,IL,60625,(773) 534-5070,http://schoolreports.cps.edu/SchoolProgressReport_Eng/Spring2011Eng_610127.pdf,O'Hare Elementary Network,NORTH-NORTHWEST SIDE COLLABORATIVE,No,Standard,Not on Probation,Level 1,No,Strong,62,NDA,NDA,Average,49,Average,58,Weak,NDA,NDA,NDA,Average,51,Average,48,95.50%,10.3,96.70%,100.00%,72.7,37.7,53.1,47.1,51.6,52.1,59.7,52.2,49.2,51.9,34,44.7,35.5,27.5,"'-0.3",0.0,Yellow,Yellow,33.3,83.3,NDA,NDA,NDA,NDA,NDA,NDA,NDA,NDA,NDA,NDA,860,31,NDA,1153016.828,1936489.312,41.98158041,"'-87.71261988",13,NORTH PARK,40,17,"(41.98158041, -87.71261988)"
610046,Mary Lyon Elementary School,ES,2941 N McVicker Ave,Chicago,IL,60634,(773) 534-3120,http://schoolreports.cps.edu/SchoolProgressReport_Eng/Spring2011Eng_610046.pdf,Fullerton Elementary Network,NORTH-NORTHWEST SIDE COLLABORATIVE,No,Standard,Not on Probation,Level 2,No,Average,55,NDA,NDA,Average,42,Weak,38,Weak,NDA,NDA,NDA,Weak,45,Average,51,95.90%,3.7,97.00%,99.30%,72,NDA,42.9,51.1,68.1,70.2,61.6,59,62.9,55.6,37.6,36.4,29.5,23.7,"'-0.3",0.4,Yellow,Yellow,24.3,100,NDA,NDA,NDA,NDA,NDA,NDA,NDA,NDA,NDA,NDA,1423,30,NDA,1135587.211,1919095.574,41.93417898,"'-87.77713699",19,BELMONT CRAGIN,29,25,"(41.93417898, -87.77713699)"
609888,Mary Mapes Dodge Elementary Renaissance Academy,ES,2651 W Washington Blvd,Chicago,IL,60612,(773) 534-6640,http://schoolreports.cps.edu/SchoolProgressReport_Eng/Spring2011Eng_609888.pdf,AUSL Schools,WEST SIDE COLLABORATIVE,No,Track_E,Not on Probation,Level 2,No,Average,57,Strong,61,Strong,68,Strong,73,Weak,77,Very Strong,83,Strong,56,Strong,57,94.40%,12.7,97.10%,100.00%,NDA,NDA,51.4,49.7,53.1,55.2,53.2,54,59,51.1,12,22,29.4,16.0,0.4,"'-1.6",Yellow,Red,43.1,19,NDA,NDA,NDA,NDA,NDA,NDA,NDA,NDA,NDA,NDA,434,38,NDA,1158615.705,1900540.306,41.88282068,"'-87.69301620",27,EAST GARFIELD PARK,2,13,"(41.88282068, -87.6930162)"
610365,Mary McLeod Bethune Elementary School,ES,3030 W Arthington St,Chicago,IL,60612,(773) 534-6890,http://schoolreports.cps.edu/SchoolProgressReport_Eng/Spring2011Eng_610365.pdf,AUSL Schools,WEST SIDE COLLABORATIVE,No,Track_E,Probation,Level 3,No,Average,53,Average,47,Average,53,Weak,39,Weak,31,Average,46,Strong,56,Strong,58,93.30%,25.8,97.60%,98.00%,50,NDA,13.8,13.8,44,49.1,22.1,24.1,57,46,6.7,16.7,6.1,4.4,1.3,"'-0.4",Green,Yellow,NDA,NDA,NDA,NDA,NDA,NDA,NDA,NDA,NDA,NDA,NDA,NDA,362,37,NDA,1156159.096,1895921.143,41.87019518,"'-87.70216173",27,EAST GARFIELD PARK,28,11,"(41.87019518, -87.70216173)"
610535,Mason High School,HS,4217 W 18th St,Chicago,IL,60623,(773) 534-1530,http://schoolreports.cps.edu/SchoolProgressReport_Eng/Spring2011Eng_610535.pdf,West Side High School Network,WEST SIDE COLLABORATIVE,NDA,Standard,Not on Probation,Not Enough Data,No,Average,50,NDA,NDA,Average,59,Average,59,Weak,NDA,NDA,NDA,Average,50,Average,47,90.40%,44.3,0.00%,72.70%,NDA,NDA,NDA,NDA,NDA,NDA,NDA,NDA,NDA,NDA,NDA,NDA,,,,,NDA,NDA,NDA,NDA,12.6,13.5,NDA,13.9,1.3,NDA,NDA,NDA,NDA,NDA,48,36,40.9,1148477.255,1891003.441,41.85685194,"'-87.73049117",29,NORTH LAWNDALE,24,10,"(41.85685194, -87.73049117)"
610240,Matthew A Henson Elementary School,ES,1326 S Avers Ave,Chicago,IL,60623,(773) 534-1804,http://schoolreports.cps.edu/SchoolProgressReport_Eng/Spring2011Eng_610240.pdf,Austin-North Lawndale Elementary Network,WEST SIDE COLLABORATIVE,No,Track_E,Probation,Level 3,No,Weak,37,NDA,NDA,Weak,34,Weak,22,Weak,NDA,NDA,NDA,Strong,55,Strong,63,90.90%,13.2,95.70%,97.90%,70.1,46.8,19,8.6,48.6,52.1,15.7,17.1,30.3,34.7,3.6,32.1,3.5,1.7,"'-0.8","'-1.9",Red,Red,NDA,NDA,NDA,NDA,NDA,NDA,NDA,NDA,NDA,NDA,NDA,NDA,271,36,NDA,1150885.710,1893465.136,41.86356038,"'-87.72158636",29,NORTH LAWNDALE,24,10,"(41.86356038, -87.72158636)"
609935,Matthew Gallistel Elementary Language Academy,ES,10347 S Ewing Ave,Chicago,IL,60617,(773) 535-6540,http://schoolreports.cps.edu/SchoolProgressReport_Eng/Spring2011Eng_609935.pdf,Lake Calumet Elementary Network,FAR SOUTH SIDE COLLABORATIVE,No,Standard,Not on Probation,Level 2,No,Average,49,Average,45,Weak,37,Weak,32,Weak,49,Average,40,Average,50,Weak,44,95.10%,5.9,96.30%,100.00%,66.7,53.6,40.1,23.7,48.7,62.2,46.7,34,62.8,58.6,17.4,27.7,17.8,12.9,"'-0.6",0.9,Red,Green,NDA,NDA,NDA,NDA,NDA,NDA,NDA,NDA,NDA,NDA,NDA,NDA,1408,47,NDA,1202203.353,1836767.747,41.70682232,"'-87.53513861",52,EAST SIDE,10,4,"(41.70682232, -87.53513861)"
610362,Medgar Evers Elementary School,ES,9811 S Lowe Ave,Chicago,IL,60628,(773) 535-2565,http://schoolreports.cps.edu/SchoolProgressReport_Eng/Spring2011Eng_610362.pdf,Rock Island Elementary Network,FAR SOUTH SIDE COLLABORATIVE,No,Track_E,Not on Probation,Level 1,No,Weak,27,NDA,NDA,Weak,35,Average,49,Weak,NDA,NDA,NDA,Strong,56,Strong,55,94.90%,18.1,96.10%,100.00%,66.4,46.7,48.3,39.7,59.1,71.9,67.2,43.9,54.1,51.2,17.6,21.6,17.3,14.8,1.0,0.4,Green,Yellow,NDA,NDA,NDA,NDA,NDA,NDA,NDA,NDA,NDA,NDA,NDA,NDA,367,49,NDA,1173743.636,1839743.298,41.71566430,"'-87.63926881",73,WASHINGTON HEIGHTS,21,22,"(41.7156643, -87.63926881)"
609928,Melville W Fuller Elementary School,ES,4214 S Saint Lawrence Ave,Chicago,IL,60653,(773) 535-1687,http://schoolreports.cps.edu/SchoolProgressReport_Eng/Spring2011Eng_609928.pdf,Burnham Park Elementary Network,SOUTH SIDE COLLABORATIVE,No,Track_E,Probation,Level 3,No,Weak,22,NDA,NDA,Weak,32,Weak,33,Weak,NDA,NDA,NDA,Average,51,Strong,55,91.80%,40.2,93.90%,100.00%,40.9,21.4,10.4,2.4,50,40,6.8,10.9,22.4,34.8,6.3,12.5,3.6,1.4,"'-1.3","'-1.3",Red,Red,NDA,NDA,NDA,NDA,NDA,NDA,NDA,NDA,NDA,NDA,NDA,NDA,241,40,NDA,1180924.721,1877097.464,41.81800610,"'-87.61182077",38,GRAND BOULEVARD,4,2,"(41.8180061, -87.61182077)"
610055,Michael Faraday Elementary School,ES,3250 W Monroe St,Chicago,IL,60624,(773) 534-6670,http://schoolreports.cps.edu/SchoolProgressReport_Eng/Spring2011Eng_610055.pdf,Garfield-Humboldt Elementary Network,WEST SIDE COLLABORATIVE,No,Track_E,Not on Probation,Level 2,No,Weak,35,NDA,NDA,Strong,65,Strong,66,Weak,NDA,NDA,NDA,Average,50,Average,50,93.30%,39.4,94.60%,100.00%,56.4,34,34.4,17.2,53.2,73.3,59.8,22.9,80.6,63.5,17.1,17.1,17.9,7.0,1.7,"'-1.1",Green,Red,NDA,NDA,NDA,NDA,NDA,NDA,NDA,NDA,NDA,NDA,NDA,NDA,194,38,NDA,1154521.277,1899387.886,41.87974117,"'-87.70808199",27,EAST GARFIELD PARK,28,11,"(41.87974117, -87.70808199)"
609832,Michael M Byrne Elementary School,ES,5329 S Oak Park Ave,Chicago,IL,60638,(773) 535-2170,http://schoolreports.cps.edu/SchoolProgressReport_Eng/Spring2011Eng_609832.pdf,Midway Elementary Network,SOUTHWEST SIDE COLLABORATIVE,Yes,Standard,Probation,Level 3,No,Strong,63,Strong,61,Weak,35,Weak,38,Weak,59,Average,57,Average,49,Weak,45,94.60%,51.8,95.80%,94.00%,74.3,69.6,50.2,42.9,43.7,67.6,44.9,48.1,45.8,36.5,21.5,34.2,23.1,24.8,"'-1.2","'-1.1",Red,Red,19.3,56.3,NDA,NDA,NDA,NDA,NDA,NDA,NDA,NDA,NDA,NDA,705,44,NDA,1131997.021,1868365.169,41.79503029,"'-87.79150778",56,GARFIELD RIDGE,23,8,"(41.79503029, -87.79150778)"
610244,Michele Clark Academic Prep Magnet High School,HS,5101 W Harrison St,Chicago,IL,60644,(773) 534-6250,http://schoolreports.cps.edu/SchoolProgressReport_Eng/Spring2011Eng_610244.pdf,West Side High School Network,WEST SIDE COLLABORATIVE,No,Standard,Probation,Level 3,No,NDA,,NDA,NDA,NDA,,NDA,,Weak,NDA,NDA,NDA,Average,48,Weak,36,79.10%,24.4,95.40%,100.00%,NDA,NDA,NDA,NDA,NDA,NDA,19.4,22.8,36.5,52.7,3.6,10.7,1.7,2.6,"'-1.2","'-0.7",Red,Yellow,NDA,NDA,14,13.3,14.4,14.5,0.5,15.7,1.3,13,87.4,60.4,726,36,78.2,1142209.317,1896792.791,41.87285714,"'-87.75335467",25,AUSTIN,24,15,"(41.87285714, -87.75335467)"
610208,Mildred I Lavizzo Elementary School,ES,138 W 109th St,Chicago,IL,60628,(773) 535-5300,http://schoolreports.cps.edu/SchoolProgressReport_Eng/Spring2011Eng_610208.pdf,Rock Island Elementary Network,FAR SOUTH SIDE COLLABORATIVE,No,Track_E,Probation,Level 3,No,Very Weak,15,Weak,35,Average,41,Average,46,Weak,39,Weak,30,Average,48,Average,51,91.50%,39.1,95.00%,95.70%,49.6,33.3,5.7,15.6,35.7,39.8,24.3,30.1,65.6,68.9,4.3,17,6.1,4.6,0.6,0.5,Yellow,Yellow,NDA,NDA,NDA,NDA,NDA,NDA,NDA,NDA,NDA,NDA,NDA,NDA,394,48,NDA,1177114.736,1832710.465,41.69628998,"'-87.62713349",49,ROSELAND,34,5,"(41.69628998, -87.62713349)"
609830,Milton Brunson Math & Science Specialty Elementary School,ES,932 N Central Ave,Chicago,IL,60651,(773) 534-6025,http://schoolreports.cps.edu/SchoolProgressReport_Eng/Spring2011Eng_609830.pdf,Austin-North Lawndale Elementary Network,WEST SIDE COLLABORATIVE,No,Track_E,Probation,Level 3,No,Weak,30,NDA,NDA,Weak,30,Average,45,Weak,NDA,NDA,NDA,Average,47,Strong,55,91.30%,16.6,95.00%,100.00%,64.4,43.9,21.1,18.7,44.4,36.4,22.6,19,33.6,45.2,3.4,8.6,8.8,5.4,"'-0.3","'-0.6",Yellow,Yellow,NDA,NDA,NDA,NDA,NDA,NDA,NDA,NDA,NDA,NDA,NDA,NDA,658,36,NDA,1138802.710,1905814.957,41.89767761,"'-87.76564297",25,AUSTIN,29,15,"(41.89767761, -87.76564297)"
610011,Minnie Mars Jamieson Elementary School,ES,5650 N Mozart St,Chicago,IL,60659,(773) 534-2395,http://schoolreports.cps.edu/SchoolProgressReport_Eng/Spring2011Eng_610011.pdf,Ravenswood-Ridge Elementary Network,NORTH-NORTHWEST SIDE COLLABORATIVE,No,Standard,Not on Probation,Level 1,No,Strong,64,Average,50,Strong,62,Strong,66,Weak,55,Average,41,Average,52,Average,53,95.70%,8.1,96.20%,100.00%,79.1,NDA,63.8,58,70.1,72.1,57.6,67.2,66.1,62.7,30.5,35.4,37.5,23.7,0.3,0.6,Yellow,Yellow,38.1,42.9,NDA,NDA,NDA,NDA,NDA,NDA,NDA,NDA,NDA,NDA,811,32,NDA,1156286.231,1937618.645,41.98461372,"'-87.70056525",2,WEST RIDGE,40,20,"(41.98461372, -87.70056525)"
610018,Miriam G Canter Middle School,MS,4959 S Blackstone Ave,Chicago,IL,60615,(773) 535-1410,http://schoolreports.cps.edu/SchoolProgressReport_Eng/Spring2011Eng_610018.pdf,Burnham Park Elementary Network,SOUTH SIDE COLLABORATIVE,No,Standard,Probation,Level 3,No,Average,57,Average,55,Weak,31,Weak,37,Weak,61,Strong,62,NDA,NDA,NDA,NDA,91.40%,3.4,95.70%,100.00%,NDA,NDA,NDA,NDA,NDA,NDA,33.3,39.6,53.9,46.5,17.6,31.5,21.6,7.8,"'-0.2","'-1.2",Yellow,Red,24.1,76.9,NDA,NDA,NDA,NDA,NDA,NDA,NDA,NDA,NDA,NDA,222,46,NDA,1186808.191,1872169.101,41.80434474,"'-87.59039494",39,KENWOOD,4,2,"(41.80434474, -87.59039494)"
609725,Morgan Park High School,HS,1744 W Pryor Ave,Chicago,IL,60643,(773) 535-2550,http://schoolreports.cps.edu/SchoolProgressReport_Eng/Spring2011Eng_609725.pdf,Far South Side High School Network,FAR SOUTH SIDE COLLABORATIVE,No,Track_E,Not on Probation,Level 2,No,Average,40,NDA,NDA,Weak,25,Weak,38,Weak,NDA,NDA,NDA,NDA,NDA,NDA,NDA,84.20%,11.1,94.60%,99.50%,NDA,NDA,NDA,NDA,NDA,NDA,NDA,NDA,NDA,NDA,60,80,52.0,38.2,"'-1.8","'-1.0",Red,Yellow,98.5,64.1,14.7,14.6,15.6,15.9,1.2,17.8,2.2,33.6,80,78.5,1584,49,73.3,1166609.570,1831085.382,41.69206041,"'-87.66564309",75,MORGAN PARK,19,22,"(41.69206041, -87.66564309)"
610257,Morton School of Excellence,ES,431 N Troy St,Chicago,IL,60612,(773) 534-6791,http://schoolreports.cps.edu/SchoolProgressReport_Eng/Spring2011Eng_610257.pdf,AUSL Schools,WEST SIDE COLLABORATIVE,No,Track_E,Probation,Level 1,No,Average,53,Average,49,Strong,66,Strong,63,Weak,86,Very Strong,95,Average,52,Strong,59,93.60%,73.9,97.10%,100.00%,NDA,NDA,43.2,36.8,57.9,62.2,38.6,36,65.3,49,7.1,7.1,16.3,8.4,2.8,0.5,Green,Yellow,NDA,NDA,NDA,NDA,NDA,NDA,NDA,NDA,NDA,NDA,NDA,NDA,349,34,NDA,1155338.246,1902872.403,41.88928666,"'-87.70498850",23,HUMBOLDT PARK,27,13,"(41.88928666, -87.7049885)"
610075,Moses Montefiore Special Elementary School,ES,1310 S Ashland Ave,Chicago,IL,60608,(773) 534-7825,http://schoolreports.cps.edu/SchoolProgressReport_Eng/Spring2011Eng_610075.pdf,Fulton Elementary Network,WEST SIDE COLLABORATIVE,NDA,Track_E,Not Applicable,Level 3,No,Weak,28,NDA,NDA,Average,42,Very Weak,14,Weak,NDA,NDA,NDA,Weak,46,Strong,54,80.40%,251.6,93.50%,100.00%,NDA,NDA,NDA,NDA,NDA,NDA,0,2.9,35.5,32.3,0,0,0.0,0.0,"'-0.6","'-0.1",Yellow,Yellow,NDA,NDA,NDA,NDA,NDA,NDA,NDA,NDA,NDA,NDA,NDA,NDA,21,38,NDA,1165892.869,1893999.307,41.86471954,"'-87.66648084",28,NEAR WEST SIDE,2,12,"(41.86471954, -87.66648084)"
610082,Mount Greenwood Elementary School,ES,10841 S Homan Ave,Chicago,IL,60655,(773) 535-2786,http://schoolreports.cps.edu/SchoolProgressReport_Eng/Spring2011Eng_610082.pdf,Rock Island Elementary Network,FAR SOUTH SIDE COLLABORATIVE,Yes,Standard,Not on Probation,Level 1,No,Very Strong,84,NDA,NDA,Average,58,Weak,38,Weak,NDA,NDA,NDA,NDA,NDA,NDA,NDA,96.00%,2.9,96.10%,98.50%,85.8,NDA,64.6,71.2,66.9,63.1,72,71.6,63.1,51.6,41.3,65.3,39.5,39.2,"'-0.1",0.3,Yellow,Yellow,NDA,NDA,NDA,NDA,NDA,NDA,NDA,NDA,NDA,NDA,NDA,NDA,909,49,NDA,1155639.216,1832346.852,41.69574845,"'-87.70577383",74,MOUNT GREENWOOD,19,22,"(41.69574845, -87.70577383)"
610086,Mount Vernon Elementary School,ES,10540 S Morgan St,Chicago,IL,60643,(773) 535-2825,http://schoolreports.cps.edu/SchoolProgressReport_Eng/Spring2011Eng_610086.pdf,Rock Island Elementary Network,FAR SOUTH SIDE COLLABORATIVE,No,Track_E,Not on Probation,Level 2,No,Weak,31,Weak,26,Average,42,Average,44,Weak,14,Very Weak,19,Average,47,Average,52,93.30%,76.6,94.10%,100.00%,41.2,36.5,18.8,17.1,37.5,52.5,29.3,40.5,74.5,75,0,4.3,14.6,9.8,1.0,0.7,Green,Yellow,NDA,NDA,NDA,NDA,NDA,NDA,NDA,NDA,NDA,NDA,NDA,NDA,290,49,NDA,1171484.320,1834733.756,41.70196704,"'-87.64768959",73,WASHINGTON HEIGHTS,34,22,"(41.70196704, -87.64768959)"
610385,Multicultural Academy of Scholarship,HS,3120 S Kostner Ave,Chicago,IL,60623,(773) 535-4242,http://schoolreports.cps.edu/SchoolProgressReport_Eng/Spring2011Eng_610385.pdf,West Side High School Network,WEST SIDE COLLABORATIVE,No,Track_E,Probation,Level 2,No,Average,48,NDA,NDA,Average,47,Average,42,Weak,NDA,NDA,NDA,Strong,56,Average,52,89.20%,22.4,96.70%,100.00%,NDA,NDA,NDA,NDA,NDA,NDA,NDA,NDA,NDA,NDA,NDA,NDA,,,,,NDA,NDA,NDA,NDA,13,13,14.4,14.1,1.1,15.6,1.2,21.1,58,58.5,324,37,78.7,1147521.302,1883405.128,41.83601953,"'-87.73419465",30,SOUTH LAWNDALE,22,10,"(41.83601953, -87.73419465)"
609806,Myra Bradwell Communications Arts & Sciences Elementary School,ES,7736 S Burnham Ave,Chicago,IL,60649,(773) 535-6600,http://schoolreports.cps.edu/SchoolProgressReport_Eng/Spring2011Eng_609806.pdf,AUSL Schools,SOUTH SIDE COLLABORATIVE,No,Standard,Probation,Level 3,No,Weak,31,Weak,35,Average,41,Average,50,Weak,52,Average,54,Average,49,Strong,54,92.10%,75.9,96.40%,100.00%,NDA,NDA,NDA,NDA,NDA,NDA,NDA,NDA,NDA,NDA,1.4,10.8,6.3,4.3,1.2,"'-1.2",Green,Red,NDA,NDA,11.5,NDA,NDA,NDA,NDA,NDA,NDA,NDA,NDA,NDA,775,46,NDA,1196028.811,1854039.898,41.75437340,"'-87.55717881",43,SOUTH SHORE,7,4,"(41.7543734, -87.55717881)"
609952,Nathanael Greene Elementary School,ES,3525 S Honore,Chicago,IL,60609,(773) 535-4560,http://schoolreports.cps.edu/SchoolProgressReport_Eng/Spring2011Eng_609952.pdf,Pershing Elementary Network,SOUTHWEST SIDE COLLABORATIVE,No,Track_E,Not on Probation,Level 2,Yes,NDA,,NDA,NDA,NDA,,NDA,,Weak,NDA,NDA,NDA,Average,48,Strong,54,95.50%,3.8,96.20%,98.60%,NDA,NDA,43.2,44.7,58.3,49.7,NDA,NDA,NDA,NDA,NDA,NDA,23.2,20.2,"'-1.2",0.2,Red,Yellow,NDA,NDA,NDA,NDA,NDA,NDA,NDA,NDA,NDA,NDA,NDA,NDA,631,39,NDA,1164636.276,1881214.535,41.82966356,"'-87.67145551",59,MCKINLEY PARK,11,9,"(41.82966356, -87.67145551)"
609960,Nathan Hale Elementary School,ES,6140 S Melvina,Chicago,IL,60638,(773) 535-2265,http://schoolreports.cps.edu/SchoolProgressReport_Eng/Spring2011Eng_609960.pdf,Midway Elementary Network,SOUTHWEST SIDE COLLABORATIVE,Yes,Standard,Not on Probation,Level 2,No,Average,55,Strong,63,Average,51,Average,56,Weak,75,Strong,65,Strong,55,Average,52,94.50%,9.8,96.20%,96.50%,53.8,34.4,43.3,49,55.2,56.2,35.1,54.6,53.6,55.1,12.5,29.5,19.3,15.6,"'-0.5",0.4,Red,Yellow,NDA,NDA,NDA,NDA,NDA,NDA,NDA,NDA,NDA,NDA,NDA,NDA,872,44,NDA,1136092.792,1862988.841,41.78020486,"'-87.77661589",64,CLEARING,23,8,"(41.78020486, -87.77661589)"
610134,Nathaniel Pope Elementary School,ES,1852 S Albany Ave,Chicago,IL,60623,(773) 534-1795,http://schoolreports.cps.edu/SchoolProgressReport_Eng/Spring2011Eng_610134.pdf,Austin-North Lawndale Elementary Network,WEST SIDE COLLABORATIVE,No,Track_E,Probation,Level 3,No,Average,48,NDA,NDA,Strong,73,Very Strong,83,Weak,NDA,NDA,NDA,NDA,NDA,NDA,NDA,91.60%,54.2,95.80%,93.50%,50,NDA,19.3,17.6,40,60.9,33.3,21.9,64.8,70.2,0,10.5,4.5,6.8,0.2,"'-0.6",Yellow,Yellow,NDA,NDA,NDA,NDA,NDA,NDA,NDA,NDA,NDA,NDA,NDA,NDA,200,37,NDA,1155971.872,1890640.068,41.85570712,"'-87.70299144",29,NORTH LAWNDALE,24,10,"(41.85570712, -87.70299144)"
610348,Nathan R Goldblatt Elementary School,ES,4257 W Adams St,Chicago,IL,60624,(773) 534-6860,http://schoolreports.cps.edu/SchoolProgressReport_Eng/Spring2011Eng_610348.pdf,Garfield-Humboldt Elementary Network,WEST SIDE COLLABORATIVE,No,Track_E,Probation,Level 3,No,Average,49,NDA,NDA,Very Strong,80,Very Strong,99,Weak,NDA,NDA,NDA,Average,53,Strong,58,92.90%,57.7,95.60%,100.00%,66.7,56,44.7,17.2,56.8,69.3,55.1,23.5,67.7,31.3,NDA,NDA,11.7,7.5,0.7,"'-1.1",Green,Red,NDA,NDA,NDA,NDA,NDA,NDA,NDA,NDA,NDA,NDA,NDA,NDA,268,36,NDA,1147813.932,1898625.597,41.87778081,"'-87.73273021",26,WEST GARFIELD PARK,28,11,"(41.87778081, -87.73273021)"
609876,Nathan S Davis Elementary School,ES,3014 W 39th Pl,Chicago,IL,60632,(773) 535-4540,http://schoolreports.cps.edu/SchoolProgressReport_Eng/Spring2011Eng_609876.pdf,Pershing Elementary Network,SOUTHWEST SIDE COLLABORATIVE,No,Standard,Not on Probation,Level 1,No,Average,43,NDA,NDA,Average,41,Average,46,Weak,NDA,NDA,NDA,Average,48,Average,50,95.10%,2.4,95.90%,94.00%,42.1,NDA,35.4,20.7,44.4,55.3,39.2,24.3,61.4,48.2,18.6,26.7,16.2,9.2,0.5,1.0,Green,Green,NDA,NDA,NDA,NDA,NDA,NDA,NDA,NDA,NDA,NDA,NDA,NDA,1032,39,NDA,1156815.412,1878318.629,41.82187860,"'-87.70022859",58,BRIGHTON PARK,14,9,"(41.8218786, -87.70022859)"
610231,National Teachers Elementary Academy,ES,55 W Cermak Rd,Chicago,IL,60616,(773) 534-9970,http://schoolreports.cps.edu/SchoolProgressReport_Eng/Spring2011Eng_610231.pdf,AUSL Schools,SOUTH SIDE COLLABORATIVE,No,Track_E,Not on Probation,Level 1,No,Strong,67,Strong,70,Strong,65,Strong,60,Weak,59,Average,46,Strong,56,Strong,61,94.70%,9.2,96.30%,100.00%,56.8,36.7,45.6,48.5,62.5,70.4,25.6,42.9,57.8,61.5,10,10,16.5,12.7,0.4,1.1,Yellow,Green,NDA,NDA,NDA,NDA,NDA,NDA,NDA,NDA,NDA,NDA,NDA,NDA,446,40,NDA,1176061.392,1889726.757,41.85277255,"'-87.62928114",33,NEAR SOUTH SIDE,3,1,"(41.85277255, -87.62928114)"
609692,Neal F Simeon Career Academy High School,HS,8147 S Vincennes Ave,Chicago,IL,60620,(773) 535-3200,http://schoolreports.cps.edu/SchoolProgressReport_Eng/Spring2011Eng_609692.pdf,South Side High School Network,SOUTH SIDE COLLABORATIVE,No,Standard,Probation,Level 3,No,Average,52,NDA,NDA,Weak,33,Average,42,Weak,NDA,NDA,NDA,NDA,NDA,NDA,NDA,78.60%,2.1,94.30%,100.00%,NDA,NDA,NDA,NDA,NDA,NDA,NDA,NDA,NDA,NDA,NDA,NDA,,,,,NDA,NDA,NDA,NDA,14.3,14.1,15.3,14.8,0.5,16.2,0.9,14.8,75.2,74,1535,45,68.5,1174719.074,1850730.192,41.74579217,"'-87.63537000",44,CHATHAM,21,6,"(41.74579217, -87.63537)"
610085,Near North Elementary School,ES,739 N Ada St,Chicago,IL,60642,(773) 534-7845,http://schoolreports.cps.edu/SchoolProgressReport_Eng/Spring2011Eng_610085.pdf,Fulton Elementary Network,WEST SIDE COLLABORATIVE,NDA,Standard,Not Applicable,Level 3,No,Average,50,NDA,NDA,Weak,27,Weak,23,Weak,NDA,NDA,NDA,NDA,NDA,NDA,NDA,80.20%,58.3,94.80%,98.10%,NDA,NDA,0,0,41.2,21.7,0,3.8,39.6,31.3,0,0,1.3,0.0,"'-1.8","'-1.6",Red,Red,NDA,NDA,NDA,NDA,NDA,NDA,NDA,NDA,NDA,NDA,NDA,NDA,91,35,NDA,1167232.603,1905230.933,41.89551132,"'-87.66123981",24,WEST TOWN,27,13,"(41.89551132, -87.66123981)"
610284,New Field Elementary School,ES,1707 W Morse Ave,Chicago,IL,60626,(773) 534-2760,http://schoolreports.cps.edu/SchoolProgressReport_Eng/Spring2011Eng_610284.pdf,Ravenswood-Ridge Elementary Network,NORTH-NORTHWEST SIDE COLLABORATIVE,No,Standard,Not on Probation,Level 2,No,NDA,,NDA,NDA,NDA,,NDA,,Weak,NDA,NDA,NDA,Average,51,Strong,56,96.20%,3.1,95.60%,99.00%,74.2,52.7,32.1,25.2,40.4,55.9,NDA,NDA,NDA,NDA,NDA,NDA,23.2,10.9,,,NDA,NDA,NDA,NDA,NDA,NDA,NDA,NDA,NDA,NDA,NDA,NDA,NDA,NDA,696,32,NDA,1163673.054,1946078.682,42.00767533,"'-87.67315753",1,ROGERS PARK,49,24,"(42.00767533, -87.67315753)"
610323,New Millennium High School of Health at Bowen,HS,2710 E 89th St,Chicago,IL,60617,(773) 535-7650,http://schoolreports.cps.edu/SchoolProgressReport_Eng/Spring2011Eng_610323.pdf,South Side High School Network,SOUTH SIDE COLLABORATIVE,No,Standard,Probation,Level 3,No,Very Weak,17,Weak,23,Weak,37,Weak,25,Weak,29,Very Weak,6,NDA,NDA,NDA,NDA,75.60%,61.8,94.70%,100.00%,NDA,NDA,NDA,NDA,NDA,NDA,NDA,NDA,NDA,NDA,NDA,NDA,,,,,NDA,NDA,NDA,NDA,12.1,12.3,13.9,13.2,1.1,14.7,0.8,16.7,67.2,52.4,701,47,62.1,1195939.937,1846527.528,41.73376107,"'-87.55775263",46,SOUTH CHICAGO,7,4,"(41.73376107, -87.55775263)"
609792,Newton Bateman Elementary School,ES,4220 N Richmond St,Chicago,IL,60618,(773) 534-5055,http://schoolreports.cps.edu/SchoolProgressReport_Eng/Spring2011Eng_609792.pdf,O'Hare Elementary Network,NORTH-NORTHWEST SIDE COLLABORATIVE,No,Standard,Not on Probation,Level 2,No,Average,55,Weak,36,Average,50,Average,47,Weak,25,Weak,34,Average,52,Average,52,96.20%,0.2,96.70%,99.10%,68,33.4,35.8,36.6,54.2,49.6,52.6,47.1,65.1,57.6,12.5,34.5,21.7,16.1,"'-0.8","'-0.1",Red,Yellow,27.4,67.7,NDA,NDA,NDA,NDA,NDA,NDA,NDA,NDA,NDA,NDA,1015,31,NDA,1155915.849,1928001.212,41.95823045,"'-87.70218806",16,IRVING PARK,33,17,"(41.95823045, -87.70218806)"
609730,Nicholas Senn High School,HS,5900 N Glenwood Ave,Chicago,IL,60660,(773) 534-2365,http://schoolreports.cps.edu/SchoolProgressReport_Eng/Spring2011Eng_609730.pdf,North-Northwest Side High School Network,NORTH-NORTHWEST SIDE COLLABORATIVE,No,Standard,Probation,Level 3,No,Average,48,NDA,NDA,Average,45,Average,42,Weak,NDA,NDA,NDA,NDA,NDA,NDA,NDA,81.70%,41.3,96.40%,100.00%,NDA,NDA,NDA,NDA,NDA,NDA,NDA,NDA,NDA,NDA,NDA,NDA,,,,,NDA,NDA,NDA,NDA,12.8,14.3,14.3,13.9,1.1,15.8,1.5,17.5,40.1,54.4,1053,32,79.8,1165871.810,1939308.369,41.98905063,"'-87.66526222",77,EDGEWATER,48,20,"(41.98905063, -87.66526222)"
609793,Nicholson Technology Academy,ES,6006 S Peoria St,Chicago,IL,60621,(773) 535-3285,http://schoolreports.cps.edu/SchoolProgressReport_Eng/Spring2011Eng_609793.pdf,Englewood-Gresham Elementary Network,SOUTHWEST SIDE COLLABORATIVE,No,Track_E,Not on Probation,Level 2,No,Average,48,Weak,37,Strong,74,Strong,73,Weak,42,Weak,39,NDA,NDA,NDA,NDA,93.40%,6.0,97.00%,100.00%,NDA,NDA,39.1,18.6,54.1,58.5,64.3,34.5,69.4,56.7,21.2,21.2,22.6,8.9,1.9,"'-0.2",Green,Yellow,NDA,NDA,NDA,NDA,NDA,NDA,NDA,NDA,NDA,NDA,NDA,NDA,464,45,NDA,1171298.247,1864964.268,41.78492770,"'-87.64748868",68,ENGLEWOOD,16,7,"(41.7849277, -87.64748868)"
609961,Ninos Heroes Elementary Academic Center,ES,8344 S Commercial Ave,Chicago,IL,60617,(773) 535-6694,http://schoolreports.cps.edu/SchoolProgressReport_Eng/Spring2011Eng_609961.pdf,Skyway Elementary Network,SOUTH SIDE COLLABORATIVE,No,Track_E,Probation,Level 2,No,Weak,36,NDA,NDA,Strong,61,Average,55,Weak,NDA,NDA,NDA,Average,48,Average,49,93.90%,25.9,95.00%,100.00%,52.5,35.7,33.9,28.1,52.8,62.1,44.2,27.9,66.3,59.5,3.6,16.4,14.7,9.4,0.9,0.5,Green,Yellow,NDA,NDA,NDA,NDA,NDA,NDA,NDA,NDA,NDA,NDA,NDA,NDA,435,47,NDA,1197504.847,1850181.748,41.74374969,"'-87.55189813",46,SOUTH CHICAGO,10,4,"(41.74374969, -87.55189813)"
609810,Norman A Bridge Elementary School,ES,3800 N New England Ave,Chicago,IL,60634,(773) 534-3718,http://schoolreports.cps.edu/SchoolProgressReport_Eng/Spring2011Eng_609810.pdf,O'Hare Elementary Network,NORTH-NORTHWEST SIDE COLLABORATIVE,No,Standard,Not on Probation,Level 2,No,Strong,67,NDA,NDA,Average,49,Weak,35,Weak,NDA,NDA,NDA,Average,51,Average,48,95.60%,6.6,96.60%,98.40%,73,43,56.5,45.8,55.9,74,NDA,NDA,NDA,NDA,33,38.6,27.8,18.9,"'-0.3","'-0.9",Yellow,Red,NDA,NDA,NDA,NDA,NDA,NDA,NDA,NDA,NDA,NDA,NDA,NDA,1004,30,NDA,1129684.056,1924513.932,41.94915063,"'-87.79870722",17,DUNNING,38,16,"(41.94915063, -87.79870722)"
609691,North-Grand High School,HS,4338 W Wabansia Ave,Chicago,IL,60639,(773) 534-8520,http://schoolreports.cps.edu/SchoolProgressReport_Eng/Spring2011Eng_609691.pdf,West Side High School Network,WEST SIDE COLLABORATIVE,No,Standard,Probation,Level 2,No,Average,42,NDA,NDA,Weak,39,Weak,25,Weak,NDA,NDA,NDA,NDA,NDA,NDA,NDA,88.60%,15.3,95.60%,100.00%,NDA,NDA,NDA,NDA,NDA,NDA,NDA,NDA,NDA,NDA,NDA,NDA,,,,,NDA,NDA,NDA,NDA,13.3,12.8,14.1,14.2,0.9,15.4,1.3,15.8,69.7,41.3,883,34,81.3,1147041.135,1910981.274,41.91170094,"'-87.73525151",23,HUMBOLDT PARK,31,25,"(41.91170094, -87.73525151)"
610354,North River Elementary School,ES,4416 N Troy St,Chicago,IL,60625,(773) 534-0590,http://schoolreports.cps.edu/SchoolProgressReport_Eng/Spring2011Eng_610354.pdf,O'Hare Elementary Network,NORTH-NORTHWEST SIDE COLLABORATIVE,No,Standard,Not on Probation,Level 2,No,Strong,67,Strong,60,Average,53,Average,51,Weak,47,Average,47,Average,50,Average,51,95.60%,20.1,96.00%,100.00%,46.2,55.8,47.9,39.4,56.3,64.1,27.8,35.1,35.7,54.9,22.2,40.7,19.6,13.7,"'-0.2","'-0.3",Yellow,Yellow,NDA,NDA,NDA,NDA,NDA,NDA,NDA,NDA,NDA,NDA,NDA,NDA,359,31,NDA,1154546.547,1929268.921,41.96173669,"'-87.70718808",14,ALBANY PARK,33,17,"(41.96173669, -87.70718808)"
609749,Northside College Preparatory High School,HS,5501 N Kedzie Ave,Chicago,IL,60625,(773) 534-3954,http://schoolreports.cps.edu/SchoolProgressReport_Eng/Spring2011Eng_609749.pdf,North-Northwest Side High School Network,NORTH-NORTHWEST SIDE COLLABORATIVE,Yes,Standard,Not on Probation,Level 1,No,Very Strong,99,NDA,NDA,Very Strong,99,Very Strong,88,Weak,NDA,NDA,NDA,Strong,57,Strong,62,95.70%,2.8,96.80%,98.40%,NDA,NDA,NDA,NDA,NDA,NDA,NDA,NDA,NDA,NDA,NDA,NDA,,,,,NDA,NDA,NDA,NDA,22.4,22.2,24.5,24.7,2.3,28.8,4.3,98,97.6,90.7,1053,31,95.9,1154090.859,1936413.866,41.98135196,"'-87.70867192",13,NORTH PARK,40,17,"(41.98135196, -87.70867192)"
609762,Percy L Julian High School,HS,10330 S Elizabeth St,Chicago,IL,60643,(773) 535-5170,http://schoolreports.cps.edu/SchoolProgressReport_Eng/Spring2011Eng_609762.pdf,Far South Side High School Network,FAR SOUTH SIDE COLLABORATIVE,No,Standard,Probation,Level 3,No,Weak,28,Average,50,Weak,30,Weak,35,Weak,53,Average,51,NDA,NDA,NDA,NDA,74.60%,33.4,94.20%,98.60%,NDA,NDA,NDA,NDA,NDA,NDA,NDA,NDA,NDA,NDA,NDA,NDA,,,,,NDA,NDA,NDA,NDA,13.1,12.8,14.2,13.9,0.8,14.8,0.6,8.3,60.3,54.9,1226,49,65.3,1169808.363,1836139.004,41.70585971,"'-87.65378585",73,WASHINGTON HEIGHTS,21,22,"(41.70585971, -87.65378585)"
609744,Northside Learning Center High School,HS,3730 W Bryn Mawr Ave,Chicago,IL,60659,(773) 534-5180,http://schoolreports.cps.edu/SchoolProgressReport_Eng/Spring2011Eng_609744.pdf,North-Northwest Side High School Network,NORTH-NORTHWEST SIDE COLLABORATIVE,NDA,Standard,Not Applicable,Not Enough Data,No,Very Strong,99,Very Strong,99,Very Strong,81,Weak,34,Weak,75,Very Strong,84,Strong,62,Strong,59,89.80%,5.3,95.60%,100.00%,NDA,NDA,NDA,NDA,NDA,NDA,NDA,NDA,NDA,NDA,NDA,NDA,,,,,NDA,NDA,NDA,NDA,NDA,NDA,NDA,NDA,NDA,NDA,NDA,66.7,0,NDA,298,31,NDA,1150357.037,1936987.496,41.98299994,"'-87.72238881",13,NORTH PARK,39,17,"(41.98299994, -87.72238881)"
610051,Northwest Middle School,MS,5252 W Palmer St,Chicago,IL,60639,(773) 534-3250,http://schoolreports.cps.edu/SchoolProgressReport_Eng/Spring2011Eng_610051.pdf,Fullerton Elementary Network,NORTH-NORTHWEST SIDE COLLABORATIVE,No,Standard,Probation,Level 3,No,Weak,34,NDA,NDA,Very Weak,17,Very Weak,13,Weak,NDA,NDA,NDA,NDA,NDA,NDA,NDA,93.40%,2.2,95.10%,98.90%,NDA,NDA,NDA,NDA,NDA,NDA,29.5,25.1,41.4,41.1,10.3,14.8,11.3,5.9,"'-0.9","'-1.4",Red,Red,10.5,62.5,NDA,NDA,NDA,NDA,NDA,NDA,NDA,NDA,NDA,NDA,756,29,NDA,1140773.188,1914158.944,41.92053845,"'-87.75820003",19,BELMONT CRAGIN,37,25,"(41.92053845, -87.75820003)"
610099,Norwood Park Elementary School,ES,5900 N Nina Ave,Chicago,IL,60631,(773) 534-1198,http://schoolreports.cps.edu/SchoolProgressReport_Eng/Spring2011Eng_610099.pdf,O'Hare Elementary Network,NORTH-NORTHWEST SIDE COLLABORATIVE,Yes,Standard,Not on Probation,Level 1,No,Very Strong,99,Very Strong,86,Strong,69,Strong,68,Weak,31,Weak,32,Strong,57,Average,52,95.50%,0.3,95.60%,100.00%,75.2,57.8,69.3,65.8,56.3,52.7,90.3,77.7,57.3,61.2,64.1,69.2,50.5,39.0,"'-1.8","'-0.9",Red,Red,94.7,69.4,NDA,NDA,NDA,NDA,NDA,NDA,NDA,NDA,NDA,NDA,359,30,NDA,1128430.406,1938729.626,41.98818136,"'-87.80299207",10,NORWOOD PARK,41,16,"(41.98818136, -87.80299207)"
610529,Ogden International High School,HS,1250 W Erie St,Chicago,IL,60622,(773) 534-0866,http://schoolreports.cps.edu/SchoolProgressReport_Eng/Spring2011Eng_610529.pdf,North-Northwest Side High School Network,NORTH-NORTHWEST SIDE COLLABORATIVE,Yes,Standard,Not on Probation,Not Enough Data,No,Average,56,NDA,NDA,Weak,39,Weak,24,Weak,NDA,NDA,NDA,NDA,NDA,NDA,NDA,94.20%,13.7,0.00%,100.00%,NDA,NDA,NDA,NDA,NDA,NDA,61.9,71.6,48.1,61.6,47.9,69.2,42.6,38.9,"'-0.6","'-0.6",Red,Yellow,58.7,29,14.5,14.7,NDA,16,1.5,NDA,NDA,NDA,NDA,NDA,558,35,93.3,1167748.100,1904529.595,41.89357570,"'-87.65936676",24,WEST TOWN,27,13,"(41.8935757, -87.65936676)"
610201,Ole A Thorp Elementary Scholastic Academy,ES,6024 W Warwick Ave,Chicago,IL,60634,(773) 534-3640,http://schoolreports.cps.edu/SchoolProgressReport_Eng/Spring2011Eng_610201.pdf,O'Hare Elementary Network,NORTH-NORTHWEST SIDE COLLABORATIVE,No,Standard,Not on Probation,Level 1,No,Strong,70,Strong,61,Average,47,Average,40,Weak,47,Average,57,Average,50,Average,50,96.40%,25.8,95.80%,100.00%,80.6,62.3,62.3,65,56.8,55.9,73.9,66.5,64.8,61.5,46.8,58.5,48.8,38.7,0.8,"'-0.5",Green,Yellow,33.7,100,NDA,NDA,NDA,NDA,NDA,NDA,NDA,NDA,NDA,NDA,834,30,NDA,1135416.207,1924349.243,41.94859865,"'-87.77764028",17,DUNNING,38,16,"(41.94859865, -87.77764028)"
610300,Oliver S Westcott Elementary School,ES,409 W 80th St,Chicago,IL,60620,(773) 535-3090,http://schoolreports.cps.edu/SchoolProgressReport_Eng/Spring2011Eng_610300.pdf,Skyway Elementary Network,SOUTH SIDE COLLABORATIVE,No,Track_E,Probation,Level 2,No,Weak,30,Average,41,Average,48,Average,54,Weak,47,Average,47,Weak,46,Average,48,92.60%,31.5,94.80%,100.00%,NDA,14.7,36.4,27.9,50.4,48.5,27.9,31.3,43.5,51.5,6,20,7.0,6.0,0.3,0.5,Yellow,Yellow,NDA,NDA,NDA,NDA,NDA,NDA,NDA,NDA,NDA,NDA,NDA,NDA,413,45,NDA,1174868.475,1851842.144,41.74884018,"'-87.63478949",44,CHATHAM,21,6,"(41.74884018, -87.63478949)"
609997,Oliver Wendell Holmes Elementary School,ES,955 W Garfield Blvd,Chicago,IL,60621,(773) 535-9025,http://schoolreports.cps.edu/SchoolProgressReport_Eng/Spring2011Eng_609997.pdf,Englewood-Gresham Elementary Network,SOUTHWEST SIDE COLLABORATIVE,No,Track_E,Probation,Level 3,No,Weak,21,NDA,NDA,Weak,23,Average,41,Weak,NDA,NDA,NDA,Average,48,Average,48,87.00%,139.8,92.40%,97.90%,40,30.5,17.7,8,28.8,33.1,20.8,8.8,41.8,20.2,3.1,9.4,5.0,3.0,"'-0.8","'-2.3",Red,Red,9.1,NDA,NDA,NDA,NDA,NDA,NDA,NDA,NDA,NDA,NDA,NDA,334,45,NDA,1170648.336,1868177.891,41.79376044,"'-87.64977785",68,ENGLEWOOD,16,7,"(41.79376044, -87.64977785)"
610105,Oriole Park Elementary School,ES,5424 N Oketo Ave,Chicago,IL,60656,(773) 534-1201,http://schoolreports.cps.edu/SchoolProgressReport_Eng/Spring2011Eng_610105.pdf,O'Hare Elementary Network,NORTH-NORTHWEST SIDE COLLABORATIVE,No,Standard,Not on Probation,Level 1,No,Very Strong,99,NDA,NDA,Very Strong,88,Strong,71,Weak,NDA,NDA,NDA,Strong,60,Weak,46,96.50%,2.3,95.50%,98.40%,84.4,NDA,86,78.1,59.6,77.5,91.4,85.1,81.1,67,69.6,72.9,75.1,54.7,1.1,"'-0.2",Green,Yellow,87.1,53.3,NDA,NDA,NDA,NDA,NDA,NDA,NDA,NDA,NDA,NDA,648,30,NDA,1125978.285,1935191.982,41.97851501,"'-87.81209057",10,NORWOOD PARK,41,16,"(41.97851501, -87.81209057)"
610329,Orozco Fine Arts & Sciences Elementary School,ES,1940 W 18th St,Chicago,IL,60608,(773) 534-7215,http://schoolreports.cps.edu/SchoolProgressReport_Eng/Spring2011Eng_610329.pdf,Pilsen-Little Village Elementary Network,WEST SIDE COLLABORATIVE,No,Standard,Not on Probation,Level 1,No,Average,55,NDA,NDA,Weak,34,Average,44,Weak,NDA,NDA,NDA,Average,50,Average,53,97.60%,1.4,96.40%,100.00%,92.9,78.6,82.8,67,73.9,77,50.1,45,51,52,18.8,33.8,30.2,17.4,"'-0.6","'-0.1",Red,Yellow,NDA,NDA,NDA,NDA,NDA,NDA,NDA,NDA,NDA,NDA,NDA,NDA,636,39,NDA,1163539.274,1891453.147,41.85778248,"'-87.67519253",31,LOWER WEST SIDE,25,12,"(41.85778248, -87.67519253)"
610389,Orr Academy High School,HS,730 N Pulaski Rd,Chicago,IL,60624,(773) 534-6500,http://schoolreports.cps.edu/SchoolProgressReport_Eng/Spring2011Eng_610389.pdf,AUSL Schools,WEST SIDE COLLABORATIVE,No,Standard,Probation,Level 3,No,NDA,,NDA,NDA,NDA,,NDA,,Weak,NDA,NDA,NDA,NDA,NDA,NDA,NDA,66.30%,10.2,95.00%,99.60%,NDA,NDA,NDA,NDA,NDA,NDA,NDA,NDA,NDA,NDA,NDA,NDA,,,,,NDA,NDA,NDA,NDA,11.7,12,13.6,13.3,1.6,15.1,1.5,5.8,NDA,51.9,831,34,59.5,1149548.530,1904711.708,41.89444828,"'-87.72620305",23,HUMBOLDT PARK,28,11,"(41.89444828, -87.72620305)"
609811,Orville T Bright Elementary School,ES,10740 S Calhoun Ave,Chicago,IL,60617,(773) 535-6215,http://schoolreports.cps.edu/SchoolProgressReport_Eng/Spring2011Eng_609811.pdf,Lake Calumet Elementary Network,FAR SOUTH SIDE COLLABORATIVE,No,Standard,Probation,Level 3,No,Very Weak,18,NDA,NDA,Weak,28,Weak,27,Weak,NDA,NDA,NDA,Weak,41,Weak,42,92.20%,55.7,95.30%,100.00%,50.5,19,30.4,28.2,65.1,64.8,35.8,32.3,74.1,61.3,0,17.9,8.2,5.9,2.4,0.6,Green,Yellow,NDA,NDA,NDA,NDA,NDA,NDA,NDA,NDA,NDA,NDA,NDA,NDA,361,47,NDA,1194858.644,1834119.778,41.69973969,"'-87.56212104",51,SOUTH DEERING,10,4,"(41.69973969, -87.56212104)"
610367,Oscar DePriest Elementary School,ES,139 S Parkside Ave,Chicago,IL,60644,(773) 534-6800,http://schoolreports.cps.edu/SchoolProgressReport_Eng/Spring2011Eng_610367.pdf,Austin-North Lawndale Elementary Network,WEST SIDE COLLABORATIVE,No,Track_E,Probation,Level 2,No,Weak,35,Weak,39,Average,47,Average,53,Weak,51,Weak,39,Average,47,Strong,54,92.70%,20.0,95.60%,94.10%,66.4,62,26.8,18.4,42.9,43.2,35.8,45.9,78.2,76.9,0,9.1,4.8,9.8,0.9,2.3,Green,Green,NDA,NDA,NDA,NDA,NDA,NDA,NDA,NDA,NDA,NDA,NDA,NDA,524,36,NDA,1138681.703,1898643.037,41.87799914,"'-87.76626150",25,AUSTIN,29,15,"(41.87799914, -87.7662615)"
610059,Oscar F Mayer Elementary School,ES,2250 N Clifton Ave,Chicago,IL,60614,(773) 534-5535,http://schoolreports.cps.edu/SchoolProgressReport_Eng/Spring2011Eng_610059.pdf,Fullerton Elementary Network,NORTH-NORTHWEST SIDE COLLABORATIVE,No,Standard,Not on Probation,Level 2,No,Strong,67,NDA,NDA,Weak,35,Average,46,Weak,NDA,NDA,NDA,NDA,NDA,NDA,NDA,95.00%,11.4,95.20%,100.00%,79.6,NDA,47.9,36.8,53.1,59.8,26.9,37.4,37.8,46.8,16.4,32.7,18.1,17.0,"'-0.6",0.1,Red,Yellow,NDA,NDA,NDA,NDA,NDA,NDA,NDA,NDA,NDA,NDA,NDA,NDA,605,33,NDA,1168219.452,1915320.550,41.92317657,"'-87.65732331",7,LINCOLN PARK,32,18,"(41.92317657, -87.65732331)"
610021,Pablo Casals Elementary School,ES,3501 W Potomac Ave,Chicago,IL,60651,(773) 534-4444,http://schoolreports.cps.edu/SchoolProgressReport_Eng/Spring2011Eng_610021.pdf,Garfield-Humboldt Elementary Network,WEST SIDE COLLABORATIVE,No,Track_E,Probation,Level 3,No,NDA,,NDA,NDA,NDA,,NDA,,Weak,NDA,NDA,NDA,Weak,42,Weak,43,92.00%,47.1,95.90%,97.20%,45.1,32.1,23.6,14.6,46.7,39.7,24.6,25.8,45.4,67.2,8.2,18.4,9.6,5.0,"'-1.1","'-0.3",Red,Yellow,NDA,NDA,NDA,NDA,NDA,NDA,NDA,NDA,NDA,NDA,NDA,NDA,505,34,NDA,1152770.808,1908388.615,41.90447488,"'-87.71427105",23,HUMBOLDT PARK,26,14,"(41.90447488, -87.71427105)"
610115,Park Manor Elementary School,ES,7037 S Rhodes Ave,Chicago,IL,60637,(773) 535-3070,http://schoolreports.cps.edu/SchoolProgressReport_Eng/Spring2011Eng_610115.pdf,Skyway Elementary Network,SOUTH SIDE COLLABORATIVE,No,Track_E,Probation,Level 3,No,Weak,28,Average,42,Average,42,Average,48,Weak,69,Strong,67,Strong,55,Strong,54,94.90%,16.6,96.30%,100.00%,NDA,NDA,17.6,16,43.3,45.3,28.9,26.5,75,66.2,3.6,3.6,6.2,5.7,1.7,1.2,Green,Green,NDA,NDA,NDA,NDA,NDA,NDA,NDA,NDA,NDA,NDA,NDA,NDA,352,46,NDA,1181167.289,1858324.511,41.76648584,"'-87.61150917",69,GREATER GRAND CROSSING,6,3,"(41.76648584, -87.61150917)"
610116,Parkside Elementary Community Academy,ES,6938 S East End Ave,Chicago,IL,60649,(773) 535-0940,http://schoolreports.cps.edu/SchoolProgressReport_Eng/Spring2011Eng_610116.pdf,Skyway Elementary Network,SOUTH SIDE COLLABORATIVE,No,Track_E,Probation,Level 3,No,NDA,,NDA,NDA,NDA,,NDA,,Weak,NDA,NDA,NDA,Weak,42,Weak,43,89.80%,90.7,94.90%,100.00%,57.3,33.6,17.3,7.8,45.2,44,19,22.6,41.7,53.3,9.5,4.8,5.6,3.5,"'-0.2","'-0.1",Yellow,Yellow,NDA,NDA,11.5,NDA,NDA,NDA,NDA,NDA,NDA,NDA,NDA,NDA,348,46,NDA,1188940.542,1859149.081,41.76856599,"'-87.58299131",43,SOUTH SHORE,5,3,"(41.76856599, -87.58299131)"
609988,Patrick Henry Elementary School,ES,4250 N Saint Louis Ave,Chicago,IL,60618,(773) 534-5060,http://schoolreports.cps.edu/SchoolProgressReport_Eng/Spring2011Eng_609988.pdf,O'Hare Elementary Network,NORTH-NORTHWEST SIDE COLLABORATIVE,No,Standard,Not on Probation,Level 1,No,Average,45,Average,56,Average,46,Average,43,Weak,68,Average,45,Average,52,Average,49,95.10%,4.3,95.90%,100.00%,56.6,35.5,42.1,38.1,68.2,61.3,30.4,48.2,44.6,75,NDA,NDA,12.5,12.3,0.6,1.0,Yellow,Green,NDA,NDA,NDA,NDA,NDA,NDA,NDA,NDA,NDA,NDA,NDA,NDA,650,31,NDA,1152247.412,1928240.998,41.95896179,"'-87.71566829",16,IRVING PARK,33,17,"(41.95896179, -87.71566829)"
610003,Paul Cuffe Math-Science Technology Academy Elementary School,ES,8324 S Racine Ave,Chicago,IL,60620,(773) 535-8250,http://schoolreports.cps.edu/SchoolProgressReport_Eng/Spring2011Eng_610003.pdf,Englewood-Gresham Elementary Network,SOUTHWEST SIDE COLLABORATIVE,No,Track_E,Probation,Level 3,No,Average,51,Strong,60,Average,45,Average,54,Weak,66,Very Strong,83,Average,48,Average,51,93.60%,46.9,95.40%,98.50%,72.4,72.1,44.3,44.9,63,68.8,54.2,44.3,54.8,52.4,23.1,40,20.6,15.6,"'-0.5","'-1.1",Red,Red,28.8,21.1,NDA,NDA,NDA,NDA,NDA,NDA,NDA,NDA,NDA,NDA,512,45,NDA,1169734.759,1849470.500,41.74244489,"'-87.65366994",71,AUBURN GRESHAM,21,6,"(41.74244489, -87.65366994)"
609676,Paul Laurence Dunbar Career Academy High School,HS,3000 S King Dr,Chicago,IL,60616,(773) 534-9000,http://schoolreports.cps.edu/SchoolProgressReport_Eng/Spring2011Eng_609676.pdf,South Side High School Network,SOUTH SIDE COLLABORATIVE,No,Standard,Probation,Level 3,No,Weak,29,Average,57,Weak,31,Weak,37,Weak,57,Average,49,NDA,NDA,NDA,NDA,76.90%,21.5,96.00%,98.00%,NDA,NDA,NDA,NDA,NDA,NDA,NDA,NDA,NDA,NDA,NDA,NDA,,,,,NDA,NDA,NDA,NDA,12.8,12.7,13.9,13.8,1,14.7,0.8,6.9,61.7,51.5,1456,40,65.7,1179262.097,1885167.032,41.84018775,"'-87.61767315",35,DOUGLAS,2,1,"(41.84018775, -87.61767315)"
610146,Paul Revere Elementary School,ES,1010 E 72nd St,Chicago,IL,60619,(773) 535-0618,http://schoolreports.cps.edu/SchoolProgressReport_Eng/Spring2011Eng_610146.pdf,Skyway Elementary Network,SOUTH SIDE COLLABORATIVE,No,Track_E,Probation,Level 3,No,Weak,36,NDA,NDA,Average,42,Average,56,Weak,NDA,NDA,NDA,Average,49,Average,47,92.40%,33.3,94.60%,89.30%,46.5,38.4,10.7,16.4,55,49.1,15.7,25.7,50.6,61.1,6.7,16.7,3.5,3.4,"'-2.4","'-0.4",Red,Yellow,NDA,NDA,NDA,NDA,NDA,NDA,NDA,NDA,NDA,NDA,NDA,NDA,320,46,NDA,1184267.268,1857526.238,41.76422335,"'-87.60017165",69,GREATER GRAND CROSSING,5,3,"(41.76422335, -87.60017165)"
609707,Paul Robeson High School,HS,6835 S Normal Blvd,Chicago,IL,60621,(773) 535-3800,http://schoolreports.cps.edu/SchoolProgressReport_Eng/Spring2011Eng_609707.pdf,Southwest Side High School Network,SOUTHWEST SIDE COLLABORATIVE,No,Track_E,Probation,Level 3,No,Weak,29,NDA,NDA,Weak,33,Average,40,Weak,NDA,NDA,NDA,NDA,NDA,NDA,NDA,73.50%,26.4,94.70%,97.60%,NDA,NDA,NDA,NDA,NDA,NDA,NDA,NDA,NDA,NDA,NDA,NDA,,,,,NDA,NDA,NDA,NDA,11.6,11,12.7,12.7,1.1,13.6,0.9,2.9,40.6,42.2,733,45,53.3,1174171.884,1859450.314,41.76973341,"'-87.63711641",68,ENGLEWOOD,6,7,"(41.76973341, -87.63711641)"
609791,Perkins Bass Elementary School,ES,1140 W 66th St,Chicago,IL,60621,(773) 535-3275,http://schoolreports.cps.edu/SchoolProgressReport_Eng/Spring2011Eng_609791.pdf,Englewood-Gresham Elementary Network,SOUTHWEST SIDE COLLABORATIVE,No,Track_E,Probation,Level 3,No,Weak,28,Average,50,Average,47,Average,57,Weak,52,Average,42,Average,47,Average,49,92.10%,28.9,96.40%,100.00%,61.7,42.2,15.5,15.9,45.3,31.5,23.9,18.6,53.6,38.8,7.3,11.9,5.0,6.0,"'-0.1",0.9,Yellow,Yellow,NDA,NDA,NDA,NDA,NDA,NDA,NDA,NDA,NDA,NDA,NDA,NDA,369,45,NDA,1169677.933,1861068.943,41.77427377,"'-87.65354234",68,ENGLEWOOD,17,7,"(41.77427377, -87.65354234)"
610395,Pershing West Middle School,MS,3200 S Calumet Ave,Chicago,IL,60616,(773) 534-9240,http://schoolreports.cps.edu/SchoolProgressReport_Eng/Spring2011Eng_610395.pdf,Burnham Park Elementary Network,SOUTH SIDE COLLABORATIVE,No,Standard,Not on Probation,Level 2,No,Average,46,Average,53,Weak,34,Average,55,Weak,76,Average,58,NDA,NDA,NDA,NDA,96.20%,3.7,97.60%,100.00%,NDA,NDA,52.7,45,40.6,60,43.7,54.1,48.7,52.9,15.4,28.8,17.5,21.4,"'-0.9","'-0.5",Red,Yellow,40.7,50,NDA,NDA,NDA,NDA,NDA,NDA,NDA,NDA,NDA,NDA,269,40,NDA,1179082.410,1883818.012,41.83649005,"'-87.61837372",35,DOUGLAS,2,2,"(41.83649005, -87.61837372)"
610145,Peter A Reinberg Elementary School,ES,3425 N Major Ave,Chicago,IL,60634,(773) 534-3465,http://schoolreports.cps.edu/SchoolProgressReport_Eng/Spring2011Eng_610145.pdf,O'Hare Elementary Network,NORTH-NORTHWEST SIDE COLLABORATIVE,No,Standard,Not on Probation,Level 1,No,Strong,60,Average,51,Weak,35,Weak,30,Weak,60,Average,54,Average,47,Weak,45,95.80%,8.2,95.70%,99.50%,70.9,46.3,50.6,39.6,51.3,66,45,39.1,56.3,49.6,19.8,25.7,24.0,14.7,"'-0.3",0.5,Yellow,Yellow,25,80.8,NDA,NDA,NDA,NDA,NDA,NDA,NDA,NDA,NDA,NDA,832,30,NDA,1137794.920,1922326.021,41.94300407,"'-87.76894541",15,PORTAGE PARK,38,16,"(41.94300407, -87.76894541)"
609867,Peter Cooper Elementary Dual Language Academy,ES,1624 W 19th St,Chicago,IL,60608,(773) 534-7205,http://schoolreports.cps.edu/SchoolProgressReport_Eng/Spring2011Eng_609867.pdf,Pilsen-Little Village Elementary Network,WEST SIDE COLLABORATIVE,No,Standard,Not on Probation,Level 2,No,NDA,,NDA,NDA,NDA,,NDA,,Weak,NDA,NDA,NDA,NDA,NDA,NDA,NDA,96.20%,5.7,96.30%,100.00%,62.7,28.7,37.1,26.1,43.5,44.6,NDA,NDA,NDA,NDA,NDA,NDA,9.6,10.7,0.5,1.3,Yellow,Green,NDA,NDA,NDA,NDA,NDA,NDA,NDA,NDA,NDA,NDA,NDA,NDA,709,39,NDA,1165708.517,1890841.583,41.85605839,"'-87.66724753",31,LOWER WEST SIDE,25,12,"(41.85605839, -87.66724753)"
610147,Philip Rogers Elementary School,ES,7345 N Washtenaw Ave,Chicago,IL,60645,(773) 534-2125,http://schoolreports.cps.edu/SchoolProgressReport_Eng/Spring2011Eng_610147.pdf,Ravenswood-Ridge Elementary Network,NORTH-NORTHWEST SIDE COLLABORATIVE,No,Standard,Not on Probation,Level 1,No,Very Strong,81,Strong,76,Strong,68,Strong,62,Weak,75,Strong,64,Average,53,Average,51,96.40%,3.0,95.10%,100.00%,77.3,50.9,49.8,47.2,60.9,61.9,73,52.7,75.1,53.6,37.3,52.5,34.3,28.3,0.7,0.7,Green,Yellow,NDA,NDA,NDA,NDA,NDA,NDA,NDA,NDA,NDA,NDA,NDA,NDA,735,32,NDA,1157132.164,1948795.474,42.01526618,"'-87.69714858",2,WEST RIDGE,50,24,"(42.01526618, -87.69714858)"
609777,Phillip D Armour Elementary School,ES,950 W 33rd Pl,Chicago,IL,60608,(773) 535-4530,http://schoolreports.cps.edu/SchoolProgressReport_Eng/Spring2011Eng_609777.pdf,Pershing Elementary Network,SOUTHWEST SIDE COLLABORATIVE,No,Standard,Probation,Level 2,No,Weak,36,NDA,NDA,Weak,34,Very Weak,14,Weak,NDA,NDA,NDA,Average,53,Average,51,93.90%,16.0,95.80%,98.00%,67.7,26.5,16.5,24,37.8,43.6,29.8,24,51.5,44.9,3.8,11.5,10.1,8.7,"'-0.5",0.3,Yellow,Yellow,NDA,NDA,NDA,NDA,NDA,NDA,NDA,NDA,NDA,NDA,NDA,NDA,365,40,NDA,1170302.817,1882796.194,41.83388210,"'-87.65061898",60,BRIDGEPORT,11,9,"(41.8338821, -87.65061898)"
610090,Phillip Murray Elementary Language Academy,ES,5335 S Kenwood Ave,Chicago,IL,60615,(773) 535-0585,http://schoolreports.cps.edu/SchoolProgressReport_Eng/Spring2011Eng_610090.pdf,Burnham Park Elementary Network,SOUTH SIDE COLLABORATIVE,Yes,Standard,Not on Probation,Level 2,No,Strong,66,NDA,NDA,Weak,34,Weak,37,Weak,NDA,NDA,NDA,Strong,56,Average,53,95.60%,3.5,95.90%,100.00%,70.2,NDA,66.9,67.4,55.1,61.8,43.6,58,53,42,NDA,NDA,35.0,36.0,"'-0.4",0.1,Yellow,Yellow,NDA,NDA,NDA,NDA,NDA,NDA,NDA,NDA,NDA,NDA,NDA,NDA,533,46,NDA,1186033.436,1870041.580,41.79852501,"'-87.59330352",41,HYDE PARK,4,2,"(41.79852501, -87.59330352)"
609981,Phobe Apperson Hearst Elementary School,ES,4640 S Lamon Ave,Chicago,IL,60638,(773) 535-2376,http://schoolreports.cps.edu/SchoolProgressReport_Eng/Spring2011Eng_609981.pdf,Midway Elementary Network,SOUTHWEST SIDE COLLABORATIVE,No,Track_E,Probation,Level 3,No,Weak,33,NDA,NDA,Weak,31,Weak,27,Weak,NDA,NDA,NDA,Weak,45,Weak,44,92.10%,25.5,95.80%,97.90%,52.2,48.8,14.9,10.7,29.7,40,29.5,22.2,50,47.1,7.1,10.7,4.9,6.7,"'-0.2","'-1.6",Yellow,Red,NDA,NDA,NDA,NDA,NDA,NDA,NDA,NDA,NDA,NDA,NDA,NDA,364,44,NDA,1144438.111,1873241.766,41.80818821,"'-87.74576315",56,GARFIELD RIDGE,23,8,"(41.80818821, -87.74576315)"
610304,Phoenix Military Academy High School,HS,145 S Campbell Ave,Chicago,IL,60612,(773) 534-7275,http://schoolreports.cps.edu/SchoolProgressReport_Eng/Spring2011Eng_610304.pdf,West Side High School Network,WEST SIDE COLLABORATIVE,No,Standard,Not on Probation,Level 1,No,Average,53,NDA,NDA,Average,59,Strong,78,Weak,NDA,NDA,NDA,Average,52,Average,48,92.10%,4.3,97.40%,100.00%,NDA,NDA,NDA,NDA,NDA,NDA,NDA,NDA,NDA,NDA,NDA,NDA,,,,,NDA,NDA,NDA,NDA,14.7,14.9,15.9,15.9,1.2,18.6,2.7,33.9,74.8,51.3,461,38,74.1,1159815.389,1899102.492,41.87885054,"'-87.68865058",28,NEAR WEST SIDE,2,11,"(41.87885054, -87.68865058)"
610013,Pilsen Elementary Community Academy,ES,1420 W 17th St,Chicago,IL,60608,(773) 534-7675,http://schoolreports.cps.edu/SchoolProgressReport_Eng/Spring2011Eng_610013.pdf,Pilsen-Little Village Elementary Network,WEST SIDE COLLABORATIVE,No,Standard,Not on Probation,Level 1,No,Average,43,Average,40,Average,49,Average,55,Weak,16,Weak,37,NDA,NDA,NDA,NDA,96.00%,9.4,96.70%,100.00%,58.1,36.1,23.7,19.4,46.3,46.7,35.7,33.3,50,51.2,NDA,NDA,18.0,12.8,"'-1.0",0.3,Red,Yellow,NDA,NDA,NDA,NDA,NDA,NDA,NDA,NDA,NDA,NDA,NDA,NDA,447,39,NDA,1167068.653,1891878.989,41.85887606,"'-87.66222540",31,LOWER WEST SIDE,25,12,"(41.85887606, -87.6622254)"
610135,Portage Park Elementary School,ES,5330 W Berteau Ave,Chicago,IL,60641,(773) 534-3576,http://schoolreports.cps.edu/SchoolProgressReport_Eng/Spring2011Eng_610135.pdf,O'Hare Elementary Network,NORTH-NORTHWEST SIDE COLLABORATIVE,No,Standard,Not on Probation,Level 2,No,Strong,62,NDA,NDA,Average,46,Weak,32,Weak,NDA,NDA,NDA,Average,48,Average,53,94.20%,3.7,95.90%,100.00%,67.3,33.8,53.7,41.6,45.9,61.1,62.8,55.3,51.2,44.1,27.1,37.4,22.9,21.1,"'-0.2",0.8,Yellow,Green,22,66.7,NDA,NDA,NDA,NDA,NDA,NDA,NDA,NDA,NDA,NDA,1139,30,NDA,1139920.815,1927445.996,41.95701510,"'-87.76100593",15,PORTAGE PARK,38,16,"(41.9570151, -87.76100593)"
610138,Pulaski International Academy Elmentary School,ES,2230 W McLean Ave,Chicago,IL,60647,(773) 534-4391,http://schoolreports.cps.edu/SchoolProgressReport_Eng/Spring2011Eng_610138.pdf,Fullerton Elementary Network,NORTH-NORTHWEST SIDE COLLABORATIVE,No,Standard,Not on Probation,Level 1,No,Strong,68,Average,45,Average,54,Average,57,Weak,26,Weak,23,Average,47,Average,47,96.10%,1.7,96.20%,100.00%,75.2,48.5,38.3,38.5,54.5,58.3,56.7,46,71.1,56.7,33.3,44,24.2,19.4,0.5,1.2,Green,Green,37.3,53.3,NDA,NDA,NDA,NDA,NDA,NDA,NDA,NDA,NDA,NDA,864,35,NDA,1161026.753,1913565.719,41.91851374,"'-87.68380061",22,LOGAN SQUARE,32,14,"(41.91851374, -87.68380061)"
609842,Rachel Carson Elementary School,ES,5516 S Maplewood Ave,Chicago,IL,60629,(773) 535-9222,http://schoolreports.cps.edu/SchoolProgressReport_Eng/Spring2011Eng_609842.pdf,Midway Elementary Network,SOUTHWEST SIDE COLLABORATIVE,No,Track_E,Not on Probation,Level 2,No,Weak,38,Weak,36,Average,45,Average,56,Weak,26,Weak,36,Average,50,Average,51,97.60%,3.9,97.70%,100.00%,68.5,NDA,44,35,63.2,75.8,40.8,45.5,59.8,59.5,18.1,24.4,19.4,12.2,"'-0.4",0.2,Yellow,Yellow,NDA,NDA,NDA,NDA,NDA,NDA,NDA,NDA,NDA,NDA,NDA,NDA,1222,43,NDA,1160271.679,1867913.540,41.79325514,"'-87.68783576",63,GAGE PARK,16,8,"(41.79325514, -87.68783576)"
609902,Ralph H Metcalfe Elementary Community Academy,ES,12339 S Normal Ave,Chicago,IL,60628,(773) 535-5590,http://schoolreports.cps.edu/SchoolProgressReport_Eng/Spring2011Eng_609902.pdf,Lake Calumet Elementary Network,FAR SOUTH SIDE COLLABORATIVE,No,Track_E,Probation,Level 3,No,NDA,,NDA,NDA,NDA,,NDA,,Weak,NDA,NDA,NDA,Average,48,Average,50,94.90%,22.3,95.50%,100.00%,43.2,20.9,27.5,26.2,47.3,42.7,51.1,34.6,60.5,57.6,13.6,40.7,18.2,12.6,"'-0.7","'-0.3",Red,Yellow,24.6,84.6,NDA,NDA,NDA,NDA,NDA,NDA,NDA,NDA,NDA,NDA,489,48,NDA,1175245.267,1822916.582,41.66945590,"'-87.63426928",53,WEST PULLMAN,34,5,"(41.6694559, -87.63426928)"
610141,Ravenswood Elementary School,ES,4332 N Paulina St,Chicago,IL,60613,(773) 534-5525,http://schoolreports.cps.edu/SchoolProgressReport_Eng/Spring2011Eng_610141.pdf,Ravenswood-Ridge Elementary Network,NORTH-NORTHWEST SIDE COLLABORATIVE,No,Standard,Not on Probation,Level 2,No,Average,46,NDA,NDA,Average,42,Average,41,Weak,NDA,NDA,NDA,Average,53,Weak,44,94.90%,8.1,95.70%,100.00%,78.7,NDA,46.9,45.9,62.2,74.5,39.8,51.9,67.6,59.4,4.3,34.8,18.9,13.7,"'-0.4","'-0.3",Yellow,Yellow,NDA,NDA,NDA,NDA,NDA,NDA,NDA,NDA,NDA,NDA,NDA,NDA,465,33,NDA,1164402.827,1928980.278,41.96074129,"'-87.67095905",6,LAKE VIEW,47,19,"(41.96074129, -87.67095905)"
609769,Ray Graham Training Center High School,HS,2347 S Wabash Ave,Chicago,IL,60616,(773) 534-9257,http://schoolreports.cps.edu/SchoolProgressReport_Eng/Spring2011Eng_609769.pdf,South Side High School Network,SOUTH SIDE COLLABORATIVE,NDA,Standard,Not Applicable,Not Enough Data,No,Very Strong,90,Very Strong,82,Average,52,Weak,39,Weak,63,Average,52,Average,53,Strong,58,86.30%,3.7,94.30%,100.00%,NDA,NDA,NDA,NDA,NDA,NDA,NDA,NDA,NDA,NDA,NDA,NDA,,,,,NDA,NDA,NDA,NDA,NDA,NDA,NDA,NDA,NDA,NDA,NDA,18.8,10.3,NDA,137,40,NDA,1177161.058,1888615.131,41.84969736,"'-87.62527870",33,NEAR SOUTH SIDE,2,1,"(41.84969736, -87.6252787)"
609903,Richard Edwards Elementary School,ES,4815 S Karlov Ave,Chicago,IL,60632,(773) 535-4875,http://schoolreports.cps.edu/SchoolProgressReport_Eng/Spring2011Eng_609903.pdf,Midway Elementary Network,SOUTHWEST SIDE COLLABORATIVE,No,Track_E,Not on Probation,Level 2,No,Average,48,Average,48,Weak,38,Average,41,Weak,49,Average,49,Average,49,Average,47,95.30%,10.3,96.80%,96.10%,73.3,42.8,46.5,26.3,52.2,62.5,32.7,27.6,44.1,50.8,11,28.4,17.6,11.4,"'-0.7","'-0.1",Red,Yellow,NDA,NDA,NDA,NDA,NDA,NDA,NDA,NDA,NDA,NDA,NDA,NDA,1503,44,NDA,1149882.354,1872308.474,41.80552325,"'-87.72581893",57,ARCHER HEIGHTS,14,8,"(41.80552325, -87.72581893)"
610291,Richard Henry Lee Elementary School,ES,6448 S Tripp Ave,Chicago,IL,60629,(773) 535-2255,http://schoolreports.cps.edu/SchoolProgressReport_Eng/Spring2011Eng_610291.pdf,Midway Elementary Network,SOUTHWEST SIDE COLLABORATIVE,No,Track_E,Not on Probation,Level 2,No,Average,59,NDA,NDA,Average,46,Weak,35,Weak,NDA,NDA,NDA,NDA,NDA,NDA,NDA,95.00%,21.8,95.30%,96.10%,55.7,29.4,46.9,28.5,51.2,60.6,56.3,30.7,60.1,43.7,30.1,22.1,15.6,7.6,0.0,"'-0.3",Yellow,Yellow,NDA,NDA,NDA,NDA,NDA,NDA,NDA,NDA,NDA,NDA,NDA,NDA,832,44,NDA,1149113.752,1861299.693,41.77532831,"'-87.72892174",65,WEST LAWN,13,8,"(41.77532831, -87.72892174)"
610239,Richard J Daley Elementary Academy,ES,5024 S Wolcott Ave,Chicago,IL,60609,(773) 535-9091,http://schoolreports.cps.edu/SchoolProgressReport_Eng/Spring2011Eng_610239.pdf,Pershing Elementary Network,SOUTHWEST SIDE COLLABORATIVE,No,Track_E,Not on Probation,Level 2,No,Weak,29,Average,40,Weak,37,Average,46,Weak,50,Average,42,Weak,46,Average,47,94.90%,44.2,96.00%,98.40%,50.8,26.4,36.5,13.3,52.6,63.9,43.4,25.5,70.4,55.6,16.7,5.6,14.4,5.3,1.0,0.5,Green,Yellow,13.2,NDA,NDA,NDA,NDA,NDA,NDA,NDA,NDA,NDA,NDA,NDA,797,42,NDA,1164498.218,1871257.706,41.80234381,"'-87.67224309",61,NEW CITY,16,9,"(41.80234381, -87.67224309)"
610102,Richard J Oglesby Elementary School,ES,7646 S Green St,Chicago,IL,60620,(773) 535-3060,http://schoolreports.cps.edu/SchoolProgressReport_Eng/Spring2011Eng_610102.pdf,Englewood-Gresham Elementary Network,SOUTHWEST SIDE COLLABORATIVE,No,Track_E,Probation,Level 3,No,Average,44,Average,40,Average,49,Average,49,Weak,43,Weak,32,Weak,46,Weak,46,94.40%,25.4,96.90%,100.00%,NDA,NDA,26.9,18.8,46.4,48.2,32.5,30.7,58.1,56.7,14.3,22.9,5.1,7.5,0.7,0.3,Green,Yellow,NDA,NDA,NDA,NDA,NDA,NDA,NDA,NDA,NDA,NDA,NDA,NDA,402,45,NDA,1171926.914,1853950.536,41.75469091,"'-87.64550666",71,AUBURN GRESHAM,17,6,"(41.75469091, -87.64550666)"
609702,Richard T Crane Technical Preparatory High School,HS,2245 W Jackson Blvd,Chicago,IL,60612,(773) 534-7550,http://schoolreports.cps.edu/SchoolProgressReport_Eng/Spring2011Eng_609702.pdf,West Side High School Network,WEST SIDE COLLABORATIVE,No,Standard,Probation,Level 3,No,Average,43,NDA,NDA,Average,50,Average,48,Weak,NDA,NDA,NDA,Average,47,Weak,46,57.90%,19.9,93.90%,99.10%,NDA,NDA,NDA,NDA,NDA,NDA,NDA,NDA,NDA,NDA,NDA,NDA,,,,,NDA,NDA,NDA,NDA,12,11.9,13.2,13.6,1.6,14,0.8,3.7,48,32.6,478,38,40.9,1161290.138,1898611.918,41.87747384,"'-87.68324922",28,NEAR WEST SIDE,2,12,"(41.87747384, -87.68324922)"
610234,Richard Yates Elementary School,ES,1839 N Richmond St,Chicago,IL,60647,(773) 534-4550,http://schoolreports.cps.edu/SchoolProgressReport_Eng/Spring2011Eng_610234.pdf,Fullerton Elementary Network,NORTH-NORTHWEST SIDE COLLABORATIVE,No,Track_E,Probation,Level 3,No,Average,42,NDA,NDA,Strong,66,Strong,73,Weak,NDA,NDA,NDA,Average,51,Strong,55,93.70%,5.6,96.20%,98.60%,60.4,55.8,41.3,18,42.9,53.5,42.2,20.2,41.3,51.7,21.8,9.1,15.2,5.4,"'-0.2","'-1.0",Yellow,Red,28.6,77.8,NDA,NDA,NDA,NDA,NDA,NDA,NDA,NDA,NDA,NDA,690,34,NDA,1156561.083,1912262.258,41.91502858,"'-87.70024324",22,LOGAN SQUARE,35,14,"(41.91502858, -87.70024324)"
609695,Roald Amundsen High School,HS,5110 N Damen Ave,Chicago,IL,60625,(773) 534-2320,http://schoolreports.cps.edu/SchoolProgressReport_Eng/Spring2011Eng_609695.pdf,North-Northwest Side High School Network,NORTH-NORTHWEST SIDE COLLABORATIVE,No,Standard,Probation,Level 3,No,Average,51,Average,44,Average,43,Average,42,Weak,27,Average,41,Weak,43,Weak,41,81.10%,8.7,95.90%,99.20%,NDA,NDA,NDA,NDA,NDA,NDA,NDA,NDA,NDA,NDA,NDA,NDA,,,,,NDA,NDA,NDA,NDA,13.8,13.9,14.9,14.8,1,16.7,1.8,16,64.6,49.1,1532,31,72.2,1162034.157,1934187.196,41.97507922,"'-87.67952139",4,LINCOLN SQUARE,47,20,"(41.97507922, -87.67952139)"
610350,Robert A Black Magnet Elementary School,ES,9101 S Euclid Ave,Chicago,IL,60619,(773) 535-6390,http://schoolreports.cps.edu/SchoolProgressReport_Eng/Spring2011Eng_610350.pdf,Skyway Elementary Network,SOUTH SIDE COLLABORATIVE,Yes,Standard,Not on Probation,Level 1,No,Strong,68,NDA,NDA,Strong,63,Average,58,Weak,NDA,NDA,NDA,Strong,55,Weak,46,96.00%,0.4,93.70%,100.00%,NDA,NDA,46.1,59.9,61.7,73.1,37.4,58.4,54,55.4,18.5,33.3,20.1,21.0,0.0,0.0,Yellow,Yellow,20.4,36.4,NDA,NDA,NDA,NDA,NDA,NDA,NDA,NDA,NDA,NDA,474,47,NDA,1190807.321,1844986.038,41.72965645,"'-87.57660534",48,CALUMET HEIGHTS,8,4,"(41.72965645, -87.57660534)"
609906,Robert Emmet Elementary School,ES,5500 W Madison St,Chicago,IL,60644,(773) 534-6050,http://schoolreports.cps.edu/SchoolProgressReport_Eng/Spring2011Eng_609906.pdf,Austin-North Lawndale Elementary Network,WEST SIDE COLLABORATIVE,No,Track_E,Not on Probation,Level 2,No,Weak,37,NDA,NDA,Strong,64,Strong,71,Weak,NDA,NDA,NDA,Average,51,Strong,54,89.80%,30.1,94.80%,100.00%,68.1,67.4,28.8,17,48,67.3,15.1,27.4,56.9,63.4,8.9,20,12.9,13.3,1.0,1.2,Green,Green,NDA,NDA,NDA,NDA,NDA,NDA,NDA,NDA,NDA,NDA,NDA,NDA,460,36,NDA,1139489.278,1899514.703,41.88037642,"'-87.76327497",25,AUSTIN,29,15,"(41.88037642, -87.76327497)"
609929,Robert Fulton Elementary School,ES,5300 S Hermitage Ave,Chicago,IL,60609,(773) 535-9000,http://schoolreports.cps.edu/SchoolProgressReport_Eng/Spring2011Eng_609929.pdf,Pershing Elementary Network,SOUTHWEST SIDE COLLABORATIVE,No,Track_E,Probation,Level 2,No,Average,46,Average,41,Strong,63,Strong,63,Weak,53,Weak,39,Weak,45,Average,49,95.10%,10.1,96.80%,100.00%,40.7,NDA,17.9,10.3,41.2,40.9,50.4,7.9,70.8,49.6,10.6,6.4,9.6,1.1,0.9,"'-0.9",Green,Red,NDA,NDA,NDA,NDA,NDA,NDA,NDA,NDA,NDA,NDA,NDA,NDA,466,43,NDA,1165540.244,1869516.208,41.79754288,"'-87.66847093",61,NEW CITY,16,9,"(41.79754288, -87.66847093)"
609979,Robert Healy Elementary School,ES,3010 S Parnell Ave,Chicago,IL,60616,(773) 534-9190,http://schoolreports.cps.edu/SchoolProgressReport_Eng/Spring2011Eng_609979.pdf,Pershing Elementary Network,SOUTHWEST SIDE COLLABORATIVE,No,Standard,Not on Probation,Level 1,No,Strong,63,NDA,NDA,Average,54,Weak,36,Weak,NDA,NDA,NDA,NDA,NDA,NDA,NDA,96.60%,11.3,97.10%,99.10%,84,NDA,72.1,62.8,63.4,80,64.3,68.5,61.4,69.3,38.6,52.9,45.1,29.9,"'-0.3",0.6,Yellow,Green,18.9,80,NDA,NDA,NDA,NDA,NDA,NDA,NDA,NDA,NDA,NDA,1384,40,NDA,1173077.292,1884891.360,41.83957045,"'-87.64037683",60,BRIDGEPORT,11,9,"(41.83957045, -87.64037683)"
610045,Robert H Lawrence Elementary School,ES,9928 S Crandon Ave,Chicago,IL,60617,(773) 535-6320,http://schoolreports.cps.edu/SchoolProgressReport_Eng/Spring2011Eng_610045.pdf,Lake Calumet Elementary Network,FAR SOUTH SIDE COLLABORATIVE,No,Standard,Probation,Level 3,No,Very Weak,19,Weak,29,Average,40,Average,51,Weak,35,Weak,30,NDA,NDA,NDA,NDA,90.70%,14.0,95.30%,100.00%,56.7,35.9,9,14.6,41.2,31,8,15.8,37.3,40.6,5.3,15.8,2.7,3.4,"'-1.4","'-1.3",Red,Red,NDA,NDA,NDA,NDA,NDA,NDA,NDA,NDA,NDA,NDA,NDA,NDA,371,47,NDA,1193433.052,1839450.176,41.71440176,"'-87.56716721",51,SOUTH DEERING,7,4,"(41.71440176, -87.56716721)"
609956,Robert L Grimes Elementary School,ES,5450 W 64th Pl,Chicago,IL,60638,(773) 535-2364,http://schoolreports.cps.edu/SchoolProgressReport_Eng/Spring2011Eng_609956.pdf,Midway Elementary Network,SOUTHWEST SIDE COLLABORATIVE,No,Standard,Not on Probation,Level 1,No,Strong,79,Strong,64,Average,56,Average,59,Weak,72,Strong,71,Average,53,Average,49,95.20%,5.0,95.60%,100.00%,58.8,39.4,37.4,39.7,50.7,50.3,45.5,57.3,51,58.7,17.4,32.6,22.1,18.8,"'-0.4",0.6,Yellow,Yellow,NDA,NDA,NDA,NDA,NDA,NDA,NDA,NDA,NDA,NDA,NDA,NDA,486,44,NDA,1140971.910,1861303.670,41.77549238,"'-87.75876919",64,CLEARING,13,8,"(41.77549238, -87.75876919)"
610391,Robert Lindblom Math & Science Academy High School,HS,6130 S Wolcott Ave,Chicago,IL,60636,(773) 535-9300,http://schoolreports.cps.edu/SchoolProgressReport_Eng/Spring2011Eng_610391.pdf,Southwest Side High School Network,SOUTHWEST SIDE COLLABORATIVE,No,Track_E,Not on Probation,Level 1,No,Strong,66,NDA,NDA,Strong,75,Very Strong,85,Weak,NDA,NDA,NDA,Strong,55,Average,51,92.70%,2.1,95.90%,100.00%,NDA,NDA,NDA,NDA,NDA,NDA,NDA,NDA,NDA,NDA,49.1,70.2,61.7,37.6,"'-1.2","'-0.8",Red,Yellow,61.1,78.2,18,18.5,19.1,19,1,22.2,3.1,29.1,68.9,85.9,916,43,83.3,1164703.614,1863861.294,41.78204280,"'-87.67169858",67,WEST ENGLEWOOD,15,7,"(41.7820428, -87.67169858)"
610252,Robert Nathaniel Dett Elementary School,ES,2306 W Maypole Ave,Chicago,IL,60612,(773) 534-7160,http://schoolreports.cps.edu/SchoolProgressReport_Eng/Spring2011Eng_610252.pdf,Fulton Elementary Network,WEST SIDE COLLABORATIVE,No,Track_E,Not on Probation,Level 1,No,Average,48,NDA,NDA,Average,51,Strong,65,Weak,NDA,NDA,NDA,Average,51,Strong,57,94.40%,6.9,94.80%,100.00%,84.3,58.8,29.4,16.2,37.9,55.4,31.4,26.7,56.3,29.6,8,12,24.4,15.4,0.4,1.0,Yellow,Green,NDA,NDA,NDA,NDA,NDA,NDA,NDA,NDA,NDA,NDA,NDA,NDA,250,35,NDA,1160870.308,1900992.919,41.88401623,"'-87.68472465",28,NEAR WEST SIDE,2,13,"(41.88401623, -87.68472465)"
609759,Roberto Clemente Community Academy High School,HS,1147 N Western Ave,Chicago,IL,60622,(773) 534-4000,http://schoolreports.cps.edu/SchoolProgressReport_Eng/Spring2011Eng_609759.pdf,West Side High School Network,WEST SIDE COLLABORATIVE,No,Standard,Probation,Level 2,No,Average,44,Weak,31,Weak,39,Weak,34,Weak,28,Weak,25,NDA,NDA,NDA,NDA,69.60%,20.6,94.20%,99.60%,NDA,NDA,NDA,NDA,NDA,NDA,NDA,NDA,NDA,NDA,NDA,NDA,,,,,NDA,NDA,NDA,NDA,12.6,12.3,14,13.3,0.7,15.4,1.4,12.5,49.5,41.5,1016,35,58.9,1160235.206,1907768.877,41.90262318,"'-87.68686934",24,WEST TOWN,1,13,"(41.90262318, -87.68686934)"
610029,Rodolfo Lozano Bilingual & International Center Elementary School,ES,1501 N Greenview Ave,Chicago,IL,60622,(773) 534-4750,http://schoolreports.cps.edu/SchoolProgressReport_Eng/Spring2011Eng_610029.pdf,Fulton Elementary Network,WEST SIDE COLLABORATIVE,No,Standard,Not on Probation,Level 2,No,Average,55,NDA,NDA,Weak,39,Weak,37,Weak,NDA,NDA,NDA,Weak,45,Average,53,94.80%,0.9,96.20%,100.00%,70,38.7,31,29.5,44.7,54.3,38.9,34.7,55.6,50,15,20,9.3,11.3,"'-0.4","'-0.2",Yellow,Yellow,NDA,NDA,NDA,NDA,NDA,NDA,NDA,NDA,NDA,NDA,NDA,NDA,319,35,NDA,1166155.136,1910106.654,41.90891372,"'-87.66505758",24,WEST TOWN,32,14,"(41.90891372, -87.66505758)"
609733,Roger C Sullivan High School,HS,6631 N Bosworth Ave,Chicago,IL,60626,(773) 534-2000,http://schoolreports.cps.edu/SchoolProgressReport_Eng/Spring2011Eng_609733.pdf,North-Northwest Side High School Network,NORTH-NORTHWEST SIDE COLLABORATIVE,No,Standard,Probation,Level 3,No,Weak,30,Average,44,Weak,34,Weak,34,Weak,42,Weak,33,Weak,44,Weak,45,81.60%,14.7,95.80%,94.40%,NDA,NDA,NDA,NDA,NDA,NDA,NDA,NDA,NDA,NDA,NDA,NDA,,,,,NDA,NDA,NDA,NDA,12.6,13.2,13.8,13.5,0.9,15.4,1.6,14.8,39.3,52.1,826,32,68.6,1164774.883,1944269.292,42.00268694,"'-87.66915533",1,ROGERS PARK,40,24,"(42.00268694, -87.66915533)"
610091,Ronald Brown Elementary Community Academy,ES,12607 S Union Ave,Chicago,IL,60628,(773) 535-5385,http://schoolreports.cps.edu/SchoolProgressReport_Eng/Spring2011Eng_610091.pdf,Lake Calumet Elementary Network,FAR SOUTH SIDE COLLABORATIVE,No,Track_E,Not on Probation,Level 2,No,Weak,31,Weak,26,Average,52,Weak,33,Weak,48,Average,45,Average,52,Strong,55,93.80%,35.6,96.30%,98.10%,62.7,32,28,33.7,57.1,47.4,37.9,33,62.4,66.7,4,32,13.4,12.5,0.6,1.4,Yellow,Green,NDA,NDA,NDA,NDA,NDA,NDA,NDA,NDA,NDA,NDA,NDA,NDA,283,48,NDA,1173988.072,1821226.195,41.66484509,"'-87.63892027",53,WEST PULLMAN,9,5,"(41.66484509, -87.63892027)"
610282,Ronald E McNair Elementary School,ES,4820 W Walton St,Chicago,IL,60651,(773) 534-8980,http://schoolreports.cps.edu/SchoolProgressReport_Eng/Spring2011Eng_610282.pdf,Austin-North Lawndale Elementary Network,WEST SIDE COLLABORATIVE,No,Track_E,Probation,Level 3,No,Weak,31,Weak,30,Average,56,Average,59,Weak,32,Weak,20,Average,47,Average,53,90.70%,52.8,96.50%,100.00%,65.4,47.7,36.6,27,47,55.1,36.1,26.8,45.7,54.9,4.5,9.1,9.8,5.6,"'-1.2","'-1.7",Red,Red,NDA,NDA,NDA,NDA,NDA,NDA,NDA,NDA,NDA,NDA,NDA,NDA,422,36,NDA,1143946.854,1905911.072,41.89784640,"'-87.74674645",25,AUSTIN,37,15,"(41.8978464, -87.74674645)"
609826,Rosario Castellanos Elementary School,ES,2524 S Central Park Ave,Chicago,IL,60623,(773) 534-1620,http://schoolreports.cps.edu/SchoolProgressReport_Eng/Spring2011Eng_609826.pdf,Pilsen-Little Village Elementary Network,WEST SIDE COLLABORATIVE,No,Track_E,Not on Probation,Level 2,No,Weak,36,Weak,24,Weak,34,Weak,20,Weak,17,Weak,31,Weak,46,Average,48,96.30%,24.3,96.90%,100.00%,NDA,NDA,34.8,18.8,49.8,58.5,33.3,17.2,61,48.5,7.5,15.1,8.0,6.2,"'-0.8","'-0.6",Red,Yellow,NDA,NDA,NDA,NDA,NDA,NDA,NDA,NDA,NDA,NDA,NDA,NDA,525,37,NDA,1152737.279,1886876.128,41.84544296,"'-87.71496352",30,SOUTH LAWNDALE,22,10,"(41.84544296, -87.71496352)"
610056,Roswell B Mason Elementary School,ES,4217 W 18th St,Chicago,IL,60623,(773) 534-1530,http://schoolreports.cps.edu/SchoolProgressReport_Eng/Spring2011Eng_610056.pdf,Austin-North Lawndale Elementary Network,WEST SIDE COLLABORATIVE,No,Track_E,Probation,Level 3,No,Weak,37,Average,47,Average,44,Average,58,Weak,50,Weak,36,Average,51,Strong,54,92.40%,31.0,95.00%,94.50%,48.4,NDA,8.1,20.3,34.2,31.2,12.9,28.4,24.3,39.8,5.7,26.9,4.2,5.8,"'-2.1","'-0.8",Red,Yellow,NDA,NDA,NDA,NDA,NDA,NDA,NDA,NDA,NDA,NDA,NDA,NDA,479,36,NDA,1148477.255,1891003.441,41.85685194,"'-87.73049117",29,NORTH LAWNDALE,24,10,"(41.85685194, -87.73049117)"
610027,Rudyard Kipling Elementary School,ES,9351 S Lowe Ave,Chicago,IL,60620,(773) 535-3151,http://schoolreports.cps.edu/SchoolProgressReport_Eng/Spring2011Eng_610027.pdf,Rock Island Elementary Network,FAR SOUTH SIDE COLLABORATIVE,No,Standard,Not on Probation,Level 2,No,Average,52,NDA,NDA,Average,42,Average,42,Weak,NDA,NDA,NDA,Average,53,Average,51,94.70%,23.4,96.00%,97.80%,76.2,52.5,49.7,44.4,64.5,58.2,51.6,46.3,57.1,50.3,13.7,31.4,20.9,21.2,"'-0.6",0.2,Red,Yellow,16,NDA,NDA,NDA,NDA,NDA,NDA,NDA,NDA,NDA,NDA,NDA,445,49,NDA,1173661.215,1842654.148,41.72365391,"'-87.63948475",73,WASHINGTON HEIGHTS,21,22,"(41.72365391, -87.63948475)"
610250,Rueben Salazar Elementary Bilingual Center,ES,160 W Wendell St,Chicago,IL,60610,(773) 534-8310,http://schoolreports.cps.edu/SchoolProgressReport_Eng/Spring2011Eng_610250.pdf,Fullerton Elementary Network,NORTH-NORTHWEST SIDE COLLABORATIVE,No,Track_E,Not on Probation,Level 2,No,Strong,64,NDA,NDA,Average,54,Average,53,Weak,NDA,NDA,NDA,Average,52,Average,47,95.10%,44.6,95.80%,100.00%,68.3,33.1,61.7,50.8,53.3,75.7,43.6,60.2,54.3,65.6,22.6,64.5,20.5,15.5,0.9,0.3,Green,Yellow,NDA,NDA,NDA,NDA,NDA,NDA,NDA,NDA,NDA,NDA,NDA,NDA,444,33,NDA,1174702.288,1907452.819,41.90144445,"'-87.63373912",8,NEAR NORTH SIDE,43,18,"(41.90144445, -87.63373912)"
609995,Rufus M Hitch Elementary School,ES,5625 N McVicker Ave,Chicago,IL,60646,(773) 534-1189,http://schoolreports.cps.edu/SchoolProgressReport_Eng/Spring2011Eng_609995.pdf,O'Hare Elementary Network,NORTH-NORTHWEST SIDE COLLABORATIVE,No,Standard,Not on Probation,Level 1,Yes,Strong,64,Strong,77,Average,55,Average,58,Weak,65,Strong,70,Strong,55,Strong,54,95.10%,3.7,96.60%,98.60%,73.7,27.6,62.2,51.7,50,67.8,56.5,54.8,52,63.3,22.9,37.5,29.5,24.7,"'-0.1",0.0,Yellow,Yellow,NDA,NDA,NDA,NDA,NDA,NDA,NDA,NDA,NDA,NDA,NDA,NDA,542,30,NDA,1134940.195,1937129.571,41.98367756,"'-87.77908614",10,NORWOOD PARK,45,16,"(41.98367756, -87.77908614)"
609853,Salmon P Chase Elementary School,ES,2021 N Point St,Chicago,IL,60647,(773) 534-4185,http://schoolreports.cps.edu/SchoolProgressReport_Eng/Spring2011Eng_609853.pdf,Fullerton Elementary Network,NORTH-NORTHWEST SIDE COLLABORATIVE,No,Track_E,Not on Probation,Level 2,No,Average,55,Weak,28,Average,59,Weak,39,Weak,25,Weak,27,NDA,NDA,NDA,NDA,95.40%,18.5,95.80%,98.60%,63,26.7,40.6,25,57.3,72.1,47.1,36.8,70.2,56.8,23.1,23.1,17.1,11.0,"'-0.6",0.1,Yellow,Yellow,NDA,NDA,NDA,NDA,NDA,NDA,NDA,NDA,NDA,NDA,NDA,NDA,504,35,NDA,1158104.870,1913362.162,41.91801539,"'-87.69454144",22,LOGAN SQUARE,1,14,"(41.91801539, -87.69454144)"
609943,Samuel Gompers Fine Arts Options Elementary School,ES,12302 S State St,Chicago,IL,60628,(773) 535-5475,http://schoolreports.cps.edu/SchoolProgressReport_Eng/Spring2011Eng_609943.pdf,Lake Calumet Elementary Network,FAR SOUTH SIDE COLLABORATIVE,No,Standard,Not on Probation,Level 2,No,Weak,34,Average,42,Average,48,Average,52,Weak,57,Average,59,Average,49,Average,47,93.60%,54.2,96.00%,100.00%,NDA,NDA,36.9,30.1,57.9,56.5,36.8,29.5,67.5,56.3,3.9,15.7,13.5,8.5,0.4,"'-0.7",Yellow,Yellow,NDA,NDA,NDA,NDA,NDA,NDA,NDA,NDA,NDA,NDA,NDA,NDA,285,48,NDA,1178435.326,1823353.395,41.67058298,"'-87.62258098",53,WEST PULLMAN,9,5,"(41.67058298, -87.62258098)"
610155,Sauganash Elementary School,ES,6040 N Kilpatrick Ave,Chicago,IL,60646,(773) 534-3470,http://schoolreports.cps.edu/SchoolProgressReport_Eng/Spring2011Eng_610155.pdf,O'Hare Elementary Network,NORTH-NORTHWEST SIDE COLLABORATIVE,Yes,Standard,Not on Probation,Level 1,No,Very Strong,99,NDA,NDA,Strong,76,Strong,61,Weak,NDA,NDA,NDA,NDA,NDA,NDA,NDA,96.30%,1.5,95.40%,92.90%,85.6,50.4,68.5,75.7,66.9,70.2,81.4,80.1,58.7,57.8,57.1,69.6,49.1,34.5,2.2,0.3,Green,Yellow,35.7,78.9,NDA,NDA,NDA,NDA,NDA,NDA,NDA,NDA,NDA,NDA,549,31,NDA,1143919.392,1939921.031,41.99117332,"'-87.74599137",12,FOREST GLEN,39,17,"(41.99117332, -87.74599137)"
609805,Scott Joplin Elementary School,ES,7931 S Honore St,Chicago,IL,60620,(773) 535-3425,http://schoolreports.cps.edu/SchoolProgressReport_Eng/Spring2011Eng_609805.pdf,Englewood-Gresham Elementary Network,SOUTHWEST SIDE COLLABORATIVE,No,Track_E,Probation,Level 3,No,Weak,35,Weak,29,Average,44,Average,53,Weak,45,Weak,34,Average,52,Average,50,95.00%,44.5,94.60%,97.70%,NDA,NDA,27.8,27.4,66.9,49.4,33.1,29.6,49.7,61.6,11.8,31.4,9.8,12.2,0.2,0.7,Yellow,Yellow,NDA,NDA,NDA,NDA,NDA,NDA,NDA,NDA,NDA,NDA,NDA,NDA,538,43,NDA,1165441.875,1851949.948,41.74934082,"'-87.66932903",71,AUBURN GRESHAM,18,6,"(41.74934082, -87.66932903)"
609968,Sharon Christa McAuliffe Elementary School,ES,1841 N Springfield Ave,Chicago,IL,60647,(773) 534-4400,http://schoolreports.cps.edu/SchoolProgressReport_Eng/Spring2011Eng_609968.pdf,Fullerton Elementary Network,NORTH-NORTHWEST SIDE COLLABORATIVE,No,Standard,Probation,Level 3,Yes,NDA,,NDA,NDA,NDA,,NDA,,Weak,NDA,NDA,NDA,Average,52,Strong,56,93.90%,14.2,95.70%,98.90%,64.7,25.1,34.4,24.4,39.5,56.1,27.5,21.6,37.5,44.7,NDA,NDA,10.4,11.0,"'-1.0","'-0.9",Red,Red,NDA,NDA,NDA,NDA,NDA,NDA,NDA,NDA,NDA,NDA,NDA,NDA,862,34,NDA,1150124.467,1912135.002,41.91480732,"'-87.72389409",20,HERMOSA,30,25,"(41.91480732, -87.72389409)"
610157,Sidney Sawyer Elementary School,ES,5248 S Sawyer Ave,Chicago,IL,60632,(773) 535-0440,http://schoolreports.cps.edu/SchoolProgressReport_Eng/Spring2011Eng_610157.pdf,Midway Elementary Network,SOUTHWEST SIDE COLLABORATIVE,No,Standard,Not on Probation,Level 2,No,Average,57,Weak,30,Average,41,Weak,39,Weak,24,Weak,29,Average,49,Average,52,96.80%,7.4,96.40%,100.00%,67.8,NDA,37,34.9,58.5,65.8,36.8,44.2,57.5,54.1,19.1,27,18.7,12.7,"'-0.4",0.4,Red,Yellow,17.6,82.1,NDA,NDA,NDA,NDA,NDA,NDA,NDA,NDA,NDA,NDA,1846,44,NDA,1155567.996,1869433.427,41.79752155,"'-87.70504311",63,GAGE PARK,14,8,"(41.79752155, -87.70504311)"
610283,Simon Guggenheim Elementary School,ES,7141 S Morgan St,Chicago,IL,60621,(773) 535-3587,http://schoolreports.cps.edu/SchoolProgressReport_Eng/Spring2011Eng_610283.pdf,Englewood-Gresham Elementary Network,SOUTHWEST SIDE COLLABORATIVE,No,Track_E,Probation,Level 3,No,Weak,30,NDA,NDA,Weak,38,Weak,22,Weak,NDA,NDA,NDA,Average,48,Average,47,90.90%,29.5,93.10%,100.00%,NDA,NDA,3.5,9.8,33.3,31.6,16.2,15.3,38.6,40.9,4.5,13.6,4.2,6.6,"'-1.7",0.9,Red,Yellow,NDA,NDA,NDA,NDA,NDA,NDA,NDA,NDA,NDA,NDA,NDA,NDA,291,45,NDA,1170922.983,1857302.220,41.76391032,"'-87.64908807",68,ENGLEWOOD,17,7,"(41.76391032, -87.64908807)"
610521,Sir Miles Davis Magnet Elementary Academy,ES,6730 S Paulina St,Chicago,IL,60636,(773) 535-9120,http://schoolreports.cps.edu/SchoolProgressReport_Eng/Spring2011Eng_610521.pdf,Englewood-Gresham Elementary Network,SOUTHWEST SIDE COLLABORATIVE,No,Track_E,Probation,Level 3,No,Weak,35,NDA,NDA,Average,51,Average,54,Weak,NDA,NDA,NDA,NDA,NDA,NDA,NDA,93.00%,57.8,94.50%,100.00%,63.9,62.3,24.8,14.1,43.1,52,22.6,17.1,49.1,45.5,4.4,13.3,5.9,3.2,0.0,"'-0.9",Yellow,Red,25.5,NDA,NDA,NDA,NDA,NDA,NDA,NDA,NDA,NDA,NDA,NDA,354,43,NDA,1166133.893,1859929.018,41.77122181,"'-87.66656657",67,WEST ENGLEWOOD,15,7,"(41.77122181, -87.66656657)"
610534,Skinner North,ES,640 W Scott St,Chicago,IL,60610,(773) 534-8500,http://schoolreports.cps.edu/SchoolProgressReport_Eng/Spring2011Eng_610534.pdf,Fullerton Elementary Network,NORTH-NORTHWEST SIDE COLLABORATIVE,Yes,Standard,Not on Probation,Not Enough Data,No,NDA,,NDA,NDA,NDA,,NDA,,Weak,NDA,NDA,NDA,Strong,64,Average,52,96.40%,0.0,97.80%,100.00%,83.3,83,100,100,74.1,76,NDA,NDA,NDA,NDA,NDA,NDA,100.0,100.0,,,NDA,NDA,NDA,NDA,NDA,NDA,NDA,NDA,NDA,NDA,NDA,NDA,NDA,NDA,242,33,NDA,1171670.974,1908773.840,41.90513670,"'-87.64483441",8,NEAR NORTH SIDE,27,18,"(41.9051367, -87.64483441)"
610226,Socorro Sandoval Elementary School,ES,5534 S Saint Louis Ave,Chicago,IL,60629,(773) 535-0457,http://schoolreports.cps.edu/SchoolProgressReport_Eng/Spring2011Eng_610226.pdf,Midway Elementary Network,SOUTHWEST SIDE COLLABORATIVE,No,Track_E,Probation,Level 3,No,NDA,,NDA,NDA,NDA,,NDA,,Weak,NDA,NDA,NDA,Weak,44,Average,50,95.80%,3.7,96.50%,98.90%,77.3,47.9,44.1,23,53,61.5,NDA,NDA,NDA,NDA,NDA,NDA,15.9,9.1,"'-0.5","'-0.5",Yellow,Yellow,NDA,NDA,NDA,NDA,NDA,NDA,NDA,NDA,NDA,NDA,NDA,NDA,1186,44,NDA,1153950.752,1867537.733,41.79235177,"'-87.71102417",63,GAGE PARK,14,8,"(41.79235177, -87.71102417)"
610160,Songhai Elementary Learning Institute,ES,11725 S Perry Ave,Chicago,IL,60628,(773) 535-5547,http://schoolreports.cps.edu/SchoolProgressReport_Eng/Spring2011Eng_610160.pdf,Lake Calumet Elementary Network,FAR SOUTH SIDE COLLABORATIVE,No,Track_E,Probation,Level 3,No,Very Weak,17,NDA,NDA,Average,47,Average,54,Weak,NDA,NDA,NDA,Weak,46,Weak,46,89.50%,84.7,95.40%,100.00%,24.8,NDA,13.8,16.3,35.8,36.8,25.6,22.5,70,67.2,7.4,25.9,3.6,3.6,0.1,"'-1.4",Yellow,Red,NDA,NDA,NDA,NDA,NDA,NDA,NDA,NDA,NDA,NDA,NDA,NDA,352,48,NDA,1177727.869,1827095.660,41.68086831,"'-87.62505762",53,WEST PULLMAN,34,5,"(41.68086831, -87.62505762)"
609990,South Loop Elementary School,ES,1212 S Plymouth Ct,Chicago,IL,60605,(773) 534-8690,http://schoolreports.cps.edu/SchoolProgressReport_Eng/Spring2011Eng_609990.pdf,Burnham Park Elementary Network,SOUTH SIDE COLLABORATIVE,Yes,Standard,Not on Probation,Level 1,No,Very Strong,84,Strong,66,Weak,34,Weak,36,Weak,57,Average,46,Strong,54,Weak,46,95.30%,12.7,97.20%,100.00%,89,70.1,81.7,80.1,63.5,66.8,72,68.7,70.9,71.6,27.3,40.9,54.2,48.8,1.0,1.5,Green,Green,NDA,NDA,NDA,NDA,NDA,NDA,NDA,NDA,NDA,NDA,NDA,NDA,795,38,NDA,1176190.878,1894860.267,41.86685634,"'-87.62865124",33,NEAR SOUTH SIDE,2,1,"(41.86685634, -87.62865124)"
610530,South Shore Fine Arts Academy,ES,1415 E 70th St,Chicago,IL,60637,(773) 535-8340,http://schoolreports.cps.edu/SchoolProgressReport_Eng/Spring2011Eng_610530.pdf,Skyway Elementary Network,SOUTH SIDE COLLABORATIVE,No,Standard,Not on Probation,Not Enough Data,No,NDA,,NDA,NDA,NDA,,NDA,,Weak,NDA,NDA,NDA,Strong,56,Strong,55,93.60%,22.4,96.30%,100.00%,77.2,46.5,29.2,20.8,40,54.5,NDA,NDA,NDA,NDA,NDA,NDA,20.8,0.0,,,NDA,NDA,NDA,NDA,NDA,NDA,NDA,NDA,NDA,NDA,NDA,NDA,NDA,NDA,255,46,NDA,1186924.786,1858826.102,41.76772772,"'-87.59039017",43,SOUTH SHORE,5,3,"(41.76772772, -87.59039017)"
609745,Southside Occupational Academy High School,HS,7342 S Hoyne Ave,Chicago,IL,60636,(773) 535-9100,http://schoolreports.cps.edu/SchoolProgressReport_Eng/Spring2011Eng_609745.pdf,Southwest Side High School Network,SOUTHWEST SIDE COLLABORATIVE,NDA,Track_E,Not Applicable,Not Enough Data,No,NDA,,Average,52,NDA,,NDA,,Weak,47,Strong,60,Strong,63,Strong,60,85.50%,13.1,95.20%,100.00%,NDA,NDA,NDA,NDA,NDA,NDA,NDA,NDA,NDA,NDA,NDA,NDA,,,,,NDA,NDA,NDA,NDA,NDA,NDA,NDA,NDA,NDA,NDA,NDA,40,71.7,NDA,201,43,NDA,1163596.617,1855772.059,41.75986813,"'-87.67598380",67,WEST ENGLEWOOD,17,7,"(41.75986813, -87.6759838)"
610183,Spencer Technology Academy,ES,214 N Lavergne Ave,Chicago,IL,60644,(773) 534-6150,http://schoolreports.cps.edu/SchoolProgressReport_Eng/Spring2011Eng_610183.pdf,Austin-North Lawndale Elementary Network,WEST SIDE COLLABORATIVE,No,Track_E,Not on Probation,Level 2,No,Weak,35,Average,50,Average,57,Strong,71,Weak,66,Average,56,Average,50,Strong,55,92.50%,24.1,96.00%,100.00%,55.3,44.9,26.1,21.5,56,50,36,29.4,56.6,61.4,9.4,21.9,10.7,11.0,0.7,1.7,Green,Green,NDA,NDA,NDA,NDA,NDA,NDA,NDA,NDA,NDA,NDA,NDA,NDA,811,36,NDA,1142962.029,1901180.137,41.88488257,"'-87.75048169",25,AUSTIN,28,15,"(41.88488257, -87.75048169)"
610357,Spry Community Links High School,HS,2400 S Marshall Blvd,Chicago,IL,60623,(773) 534-1997,http://schoolreports.cps.edu/SchoolProgressReport_Eng/Spring2011Eng_610357.pdf,West Side High School Network,WEST SIDE COLLABORATIVE,No,Standard,Not on Probation,Level 2,No,Strong,70,NDA,NDA,Very Strong,92,Very Strong,87,Weak,NDA,NDA,NDA,Strong,56,Average,51,95.60%,9.7,95.70%,100.00%,NDA,NDA,NDA,NDA,NDA,NDA,NDA,NDA,NDA,NDA,NDA,NDA,,,,,NDA,NDA,NDA,NDA,14.3,14.6,15.5,15.9,1.6,16.9,1.4,35,73.7,65.2,205,39,92.8,1157044.911,1887895.675,41.84815451,"'-87.69912725",30,SOUTH LAWNDALE,12,10,"(41.84815451, -87.69912725)"
609880,Stephen Decatur Classical Elementary School,ES,7030 N Sacramento Ave,Chicago,IL,60645,(773) 534-2201,http://schoolreports.cps.edu/SchoolProgressReport_Eng/Spring2011Eng_609880.pdf,Ravenswood-Ridge Elementary Network,NORTH-NORTHWEST SIDE COLLABORATIVE,Yes,Standard,Not on Probation,Level 1,No,Very Strong,99,Very Strong,99,Very Strong,99,Very Strong,99,Weak,99,Very Strong,99,Average,52,Weak,46,96.20%,2.8,95.40%,100.00%,100,97.2,98.6,98.6,50.7,61.3,100,100,48.1,78.6,NDA,NDA,93.6,93.6,0.2,"'-1.0",Yellow,Red,NDA,NDA,NDA,NDA,NDA,NDA,NDA,NDA,NDA,NDA,NDA,NDA,289,32,NDA,1155108.239,1946608.822,42.00930696,"'-87.70465502",2,WEST RIDGE,50,24,"(42.00930696, -87.70465502)"
609933,Stephen F Gale Elementary Community Academy,ES,1631 W Jonquil Ter,Chicago,IL,60626,(773) 534-2100,http://schoolreports.cps.edu/SchoolProgressReport_Eng/Spring2011Eng_609933.pdf,Ravenswood-Ridge Elementary Network,NORTH-NORTHWEST SIDE COLLABORATIVE,No,Standard,Probation,Level 3,No,Weak,39,Weak,31,Weak,35,Weak,27,Weak,33,Weak,29,Weak,45,Weak,43,92.10%,34.8,95.20%,100.00%,40.1,15.5,18.7,17.9,49.3,39.3,32.4,24.8,46.2,48.9,7.5,22.5,7.6,6.9,"'-0.5",0.0,Yellow,Yellow,20.9,NDA,NDA,NDA,NDA,NDA,NDA,NDA,NDA,NDA,NDA,NDA,532,32,NDA,1163959.517,1950960.205,42.02106425,"'-87.67196481",1,ROGERS PARK,49,24,"(42.02106425, -87.67196481)"
609976,Stephen K Hayt Elementary School,ES,1518 W Granville Ave,Chicago,IL,60660,(773) 534-2040,http://schoolreports.cps.edu/SchoolProgressReport_Eng/Spring2011Eng_609976.pdf,Ravenswood-Ridge Elementary Network,NORTH-NORTHWEST SIDE COLLABORATIVE,No,Standard,Not on Probation,Level 1,No,Strong,72,Strong,61,Average,52,Average,44,Weak,48,Strong,66,NDA,NDA,NDA,NDA,95.60%,55.6,96.00%,99.30%,78.2,59.2,50.8,46.9,56.9,66.5,55.5,46.3,61.5,57.5,26.7,39.5,28.6,23.2,0.3,0.1,Yellow,Yellow,NDA,NDA,NDA,NDA,NDA,NDA,NDA,NDA,NDA,NDA,NDA,NDA,1000,32,NDA,1164969.802,1941312.085,41.99456814,"'-87.66852270",77,EDGEWATER,40,24,"(41.99456814, -87.6685227)"
609724,Stephen T Mather High School,HS,5835 N Lincoln Ave,Chicago,IL,60659,(773) 534-2350,http://schoolreports.cps.edu/SchoolProgressReport_Eng/Spring2011Eng_609724.pdf,North-Northwest Side High School Network,NORTH-NORTHWEST SIDE COLLABORATIVE,No,Standard,Not on Probation,Level 2,No,Average,58,Average,44,Average,48,Average,47,Weak,50,Average,56,NDA,NDA,NDA,NDA,87.60%,7.6,96.50%,97.90%,NDA,NDA,NDA,NDA,NDA,NDA,NDA,NDA,NDA,NDA,NDA,NDA,,,,,NDA,NDA,NDA,NDA,14.5,14.4,15,15.4,0.9,15.9,0.9,24.6,56.2,57.4,1657,32,59,1155766.152,1938701.409,41.98759540,"'-87.70244871",2,WEST RIDGE,40,20,"(41.9875954, -87.70244871)"
610191,Stone Elementary Scholastic Academy,ES,6239 N Leavitt St,Chicago,IL,60659,(773) 534-2045,http://schoolreports.cps.edu/SchoolProgressReport_Eng/Spring2011Eng_610191.pdf,Ravenswood-Ridge Elementary Network,NORTH-NORTHWEST SIDE COLLABORATIVE,Yes,Standard,Not on Probation,Level 1,No,Strong,78,NDA,NDA,Average,55,Average,43,Weak,NDA,NDA,NDA,Strong,55,Average,47,96.40%,1.9,96.00%,100.00%,83.2,46.2,62.8,67.5,59.9,56.7,62,68.8,59.9,59.4,40,47.3,45.7,44.7,0.3,1.7,Yellow,Green,57.1,56.3,NDA,NDA,NDA,NDA,NDA,NDA,NDA,NDA,NDA,NDA,646,32,NDA,1160554.673,1941569.632,41.99536777,"'-87.68475636",2,WEST RIDGE,50,24,"(41.99536777, -87.68475636)"
610405,Suder Montessori Magnet Elementary School,ES,2022 W Washington Blvd,Chicago,IL,60612,(773) 534-7685,http://schoolreports.cps.edu/SchoolProgressReport_Eng/Spring2011Eng_610405.pdf,Fulton Elementary Network,WEST SIDE COLLABORATIVE,Yes,Standard,Not on Probation,Level 1,No,NDA,,NDA,NDA,NDA,,NDA,,Weak,NDA,NDA,NDA,NDA,NDA,NDA,NDA,96.60%,6.5,95.70%,100.00%,82.2,60.7,61.3,50.9,58,59.5,NDA,NDA,NDA,NDA,NDA,NDA,40.7,29.2,0.7,"'-0.2",Yellow,Yellow,NDA,NDA,NDA,NDA,NDA,NDA,NDA,NDA,NDA,NDA,NDA,NDA,351,38,NDA,1162799.297,1900725.344,41.88324176,"'-87.67764871",28,NEAR WEST SIDE,2,13,"(41.88324176, -87.67764871)"
610249,Talman Elementary School,ES,5450 S Talman Ave,Chicago,IL,60632,(773) 535-7850,http://schoolreports.cps.edu/SchoolProgressReport_Eng/Spring2011Eng_610249.pdf,Midway Elementary Network,SOUTHWEST SIDE COLLABORATIVE,No,Standard,Not on Probation,Level 1,No,Very Strong,99,Very Strong,99,Very Strong,99,Very Strong,99,Weak,85,Very Strong,81,Strong,57,Average,48,96.20%,9.2,95.50%,100.00%,50.6,NDA,54.7,22.6,71.6,75,56,42.2,76.7,62.8,11.1,25.9,27.3,16.5,0.5,0.7,Yellow,Yellow,NDA,NDA,NDA,NDA,NDA,NDA,NDA,NDA,NDA,NDA,NDA,NDA,376,43,NDA,1159597.930,1868206.829,41.79407382,"'-87.69029830",63,GAGE PARK,14,9,"(41.79407382, -87.6902983)"
610396,Tarkington School of Excellence Elementary School,ES,3330 W 71st St,Chicago,IL,60629,(773) 535-4700,http://schoolreports.cps.edu/SchoolProgressReport_Eng/Spring2011Eng_610396.pdf,AUSL Schools,SOUTHWEST SIDE COLLABORATIVE,No,Standard,Not on Probation,Level 2,No,Average,48,NDA,NDA,Weak,39,Average,40,Weak,NDA,NDA,NDA,Average,49,Strong,56,95.90%,10.5,96.60%,100.00%,NDA,NDA,36.3,34.5,56,53.7,30.6,36.7,53.4,56.1,6.3,10.7,13.4,9.7,"'-0.9","'-0.2",Red,Yellow,26.1,53.3,NDA,NDA,NDA,NDA,NDA,NDA,NDA,NDA,NDA,NDA,1070,44,NDA,1155280.200,1857374.137,41.76443483,"'-87.70642093",66,CHICAGO LAWN,18,8,"(41.76443483, -87.70642093)"
610506,TEAM Englewood Community Academy High School,HS,6201 S Stewart Ave,Chicago,IL,60621,(773) 535-3530,http://schoolreports.cps.edu/SchoolProgressReport_Eng/Spring2011Eng_610506.pdf,Southwest Side High School Network,SOUTHWEST SIDE COLLABORATIVE,No,Track_E,Probation,Level 2,No,Average,45,Average,48,Average,55,Average,53,Weak,74,Strong,68,Strong,58,Average,49,87.30%,8.2,96.50%,100.00%,NDA,NDA,NDA,NDA,NDA,NDA,NDA,NDA,NDA,NDA,NDA,NDA,,,,,NDA,NDA,NDA,NDA,12,12.4,14.3,13.3,1.3,15.3,1,7.9,NDA,NDA,440,45,77.4,1174730.350,1863740.125,41.78149270,"'-87.63494163",68,ENGLEWOOD,20,7,"(41.7814927, -87.63494163)"
609921,Telpochcalli Elementary School,ES,2832 W 24th Blvd,Chicago,IL,60623,(773) 534-1402,http://schoolreports.cps.edu/SchoolProgressReport_Eng/Spring2011Eng_609921.pdf,Pilsen-Little Village Elementary Network,WEST SIDE COLLABORATIVE,No,Standard,Probation,Level 3,No,Average,42,Average,48,Very Weak,19,Weak,22,Weak,82,Strong,69,Strong,55,Average,51,95.40%,2.7,94.70%,96.40%,31.3,NDA,31.8,13.6,50.8,66.2,30.8,25.4,51.6,54.4,4.5,18.2,8.4,7.3,"'-0.1",0.9,Yellow,Yellow,NDA,NDA,NDA,NDA,NDA,NDA,NDA,NDA,NDA,NDA,NDA,NDA,285,39,NDA,1157725.352,1887836.509,41.84797834,"'-87.69663160",30,SOUTH LAWNDALE,12,10,"(41.84797834, -87.6966316)"
609991,Theodore Herzl Elementary School,ES,3711 W Douglas Blvd,Chicago,IL,60623,(773) 534-1480,http://schoolreports.cps.edu/SchoolProgressReport_Eng/Spring2011Eng_609991.pdf,Austin-North Lawndale Elementary Network,WEST SIDE COLLABORATIVE,No,Track_E,Probation,Level 3,No,Average,41,NDA,NDA,Average,53,Strong,65,Weak,NDA,NDA,NDA,NDA,NDA,NDA,NDA,90.80%,23.9,97.00%,96.00%,62.6,35.6,13.5,16.3,63.3,50.4,22.1,22.1,65.7,67.6,0,10.5,4.6,3.8,0.1,0.0,Yellow,Yellow,NDA,NDA,NDA,NDA,NDA,NDA,NDA,NDA,NDA,NDA,NDA,NDA,512,36,NDA,1151795.400,1892995.835,41.86225473,"'-87.71825927",29,NORTH LAWNDALE,24,10,"(41.86225473, -87.71825927)"
609728,Theodore Roosevelt High School,HS,3436 W Wilson Ave,Chicago,IL,60625,(773) 534-5000,http://schoolreports.cps.edu/SchoolProgressReport_Eng/Spring2011Eng_609728.pdf,North-Northwest Side High School Network,NORTH-NORTHWEST SIDE COLLABORATIVE,No,Standard,Probation,Level 3,No,Average,42,NDA,NDA,Average,42,Weak,37,Weak,NDA,NDA,NDA,NDA,NDA,NDA,NDA,82.30%,9.7,96.10%,100.00%,NDA,NDA,NDA,NDA,NDA,NDA,NDA,NDA,NDA,NDA,NDA,NDA,,,,,NDA,NDA,NDA,NDA,12.9,13.4,14.3,14,1.1,15.7,1.4,13.7,59.4,42.9,1490,31,61.2,1152459.778,1930390.229,41.96485522,"'-87.71483051",14,ALBANY PARK,33,17,"(41.96485522, -87.71483051)"
610178,Theophilus Schmid Elementary School,ES,9755 S Greenwood Ave,Chicago,IL,60628,(773) 535-6235,http://schoolreports.cps.edu/SchoolProgressReport_Eng/Spring2011Eng_610178.pdf,Lake Calumet Elementary Network,FAR SOUTH SIDE COLLABORATIVE,No,Standard,Not on Probation,Level 2,No,Average,46,NDA,NDA,Weak,31,Average,53,Weak,NDA,NDA,NDA,Weak,41,Average,52,92.10%,67.1,96.30%,100.00%,62.8,45.2,35.8,22.6,51.9,58.5,47.1,43.1,56.3,54.2,13.3,20,17.1,6.7,"'-0.4","'-0.7",Yellow,Yellow,43.8,NDA,NDA,NDA,NDA,NDA,NDA,NDA,NDA,NDA,NDA,NDA,185,48,NDA,1185308.063,1840332.575,41.71701772,"'-87.59689622",50,PULLMAN,8,5,"(41.71701772, -87.59689622)"
609794,Thomas A Edison Regional Gifted Center Elementary School,ES,4929 N Sawyer Ave,Chicago,IL,60625,(773) 534-0540,http://schoolreports.cps.edu/SchoolProgressReport_Eng/Spring2011Eng_609794.pdf,O'Hare Elementary Network,NORTH-NORTHWEST SIDE COLLABORATIVE,Yes,Standard,Not on Probation,Level 1,No,Very Strong,91,NDA,NDA,Strong,64,Average,56,Weak,NDA,NDA,NDA,Strong,55,Strong,57,96.60%,1.9,96.30%,100.00%,NDA,NDA,92,97.8,52.8,57.6,93.1,98.9,55.2,60.4,80,96.7,79.0,88.4,1.8,1.6,Green,Green,31.8,78.6,NDA,NDA,NDA,NDA,NDA,NDA,NDA,NDA,NDA,NDA,269,31,NDA,1153858.196,1932691.891,41.97114330,"'-87.70962725",14,ALBANY PARK,39,17,"(41.9711433, -87.70962725)"
609987,Thomas A Hendricks Elementary Community Academy,ES,4316 S Princeton Ave,Chicago,IL,60609,(773) 535-1696,http://schoolreports.cps.edu/SchoolProgressReport_Eng/Spring2011Eng_609987.pdf,Pershing Elementary Network,SOUTHWEST SIDE COLLABORATIVE,No,Standard,Probation,Level 3,No,Weak,33,NDA,NDA,Strong,67,Strong,78,Weak,NDA,NDA,NDA,Average,51,Average,52,91.20%,61.8,95.60%,100.00%,58.7,60,31.6,12.1,41.1,50,48.5,16.7,71.9,54.9,7.5,32.5,8.5,1.0,0.9,"'-2.3",Green,Red,NDA,NDA,NDA,NDA,NDA,NDA,NDA,NDA,NDA,NDA,NDA,NDA,307,42,NDA,1174966.903,1876241.753,41.81579314,"'-87.63370133",37,FULLER PARK,3,9,"(41.81579314, -87.63370133)"
609851,Thomas Chalmers Specialty Elementary School,ES,2745 W Roosevelt Rd,Chicago,IL,60608,(773) 534-1720,http://schoolreports.cps.edu/SchoolProgressReport_Eng/Spring2011Eng_609851.pdf,Austin-North Lawndale Elementary Network,WEST SIDE COLLABORATIVE,No,Track_E,Probation,Level 3,No,Weak,34,Strong,76,Weak,39,Average,45,Weak,88,Strong,78,NDA,NDA,NDA,NDA,94.40%,3.4,97.30%,100.00%,37.5,NDA,7.5,10.3,35.8,12.8,17.2,21.9,31.4,57.6,0,12.5,2.1,4.9,"'-0.7",1.2,Yellow,Green,NDA,NDA,NDA,NDA,NDA,NDA,NDA,NDA,NDA,NDA,NDA,NDA,288,39,NDA,1158048.936,1894554.926,41.86640780,"'-87.69526079",29,NORTH LAWNDALE,28,10,"(41.8664078, -87.69526079)"
609896,Thomas Drummond Elementary School,ES,1845 W Cortland St,Chicago,IL,60622,(773) 534-4120,http://schoolreports.cps.edu/SchoolProgressReport_Eng/Spring2011Eng_609896.pdf,Fullerton Elementary Network,NORTH-NORTHWEST SIDE COLLABORATIVE,Yes,Track_E,Not on Probation,Level 1,No,Strong,72,NDA,NDA,Average,59,Average,46,Weak,NDA,NDA,NDA,Strong,58,Average,48,95.20%,0.3,96.70%,97.50%,71.3,NDA,68.6,69.3,66.3,75.3,37.7,42.9,43.3,61.3,0,0,34.0,34.0,0.0,0.4,Yellow,Yellow,NDA,NDA,NDA,NDA,NDA,NDA,NDA,NDA,NDA,NDA,NDA,NDA,352,35,NDA,1163566.562,1912627.608,41.91588634,"'-87.67449563",22,LOGAN SQUARE,32,14,"(41.91588634, -87.67449563)"
610002,Thomas Hoyne Elementary School,ES,8905 S Crandon Ave,Chicago,IL,60617,(773) 535-6425,http://schoolreports.cps.edu/SchoolProgressReport_Eng/Spring2011Eng_610002.pdf,Skyway Elementary Network,SOUTH SIDE COLLABORATIVE,No,Track_E,Not on Probation,Level 1,No,Strong,67,Strong,66,Strong,77,Strong,73,Weak,67,Strong,66,NDA,NDA,NDA,NDA,94.80%,0.0,95.40%,100.00%,40.2,NDA,36.2,42.7,56.3,61.7,54,65,50,50,14.6,41.5,23.4,14.0,0.7,0.0,Green,Yellow,NDA,NDA,NDA,NDA,NDA,NDA,NDA,NDA,NDA,NDA,NDA,NDA,288,47,NDA,1193092.436,1846336.546,41.73330693,"'-87.56819050",48,CALUMET HEIGHTS,7,4,"(41.73330693, -87.5681905)"
610295,Thomas J Higgins Elementary Community Academy,ES,11710 S Morgan St,Chicago,IL,60643,(773) 535-5625,http://schoolreports.cps.edu/SchoolProgressReport_Eng/Spring2011Eng_610295.pdf,Lake Calumet Elementary Network,FAR SOUTH SIDE COLLABORATIVE,No,Track_E,Not on Probation,Level 1,No,NDA,,NDA,NDA,NDA,,NDA,,Weak,NDA,NDA,NDA,Average,49,Average,53,95.20%,0.5,95.20%,100.00%,62,30.4,35.7,25.2,58.3,63.7,43.6,35.3,63.8,57,9.1,20.5,19.1,9.8,1.7,0.4,Green,Yellow,NDA,NDA,NDA,NDA,NDA,NDA,NDA,NDA,NDA,NDA,NDA,NDA,369,49,NDA,1171725.333,1827097.573,41.68100687,"'-87.64702985",53,WEST PULLMAN,34,5,"(41.68100687, -87.64702985)"
610220,Thomas J Waters Elementary School,ES,4540 N Campbell Ave,Chicago,IL,60625,(773) 534-5090,http://schoolreports.cps.edu/SchoolProgressReport_Eng/Spring2011Eng_610220.pdf,Ravenswood-Ridge Elementary Network,NORTH-NORTHWEST SIDE COLLABORATIVE,No,Standard,Not on Probation,Level 1,No,Very Strong,85,NDA,NDA,Average,56,Average,54,Weak,NDA,NDA,NDA,Average,52,Average,49,96.10%,0.4,95.10%,100.00%,70.4,31.2,51.1,59,42,44.2,49.6,54.7,61.6,50.8,22.7,61.4,27.2,28.5,0.2,0.6,Yellow,Yellow,NDA,NDA,NDA,NDA,NDA,NDA,NDA,NDA,NDA,NDA,NDA,NDA,590,31,NDA,1158841.899,1930252.459,41.96434835,"'-87.69136881",4,LINCOLN SQUARE,47,19,"(41.96434835, -87.69136881)"
609715,Thomas Kelly High School,HS,4136 S California Ave,Chicago,IL,60632,(773) 535-4900,http://schoolreports.cps.edu/SchoolProgressReport_Eng/Spring2011Eng_609715.pdf,Southwest Side High School Network,SOUTHWEST SIDE COLLABORATIVE,No,Standard,Not on Probation,Level 2,No,Weak,36,Average,53,Weak,36,Weak,35,Weak,61,Average,57,NDA,NDA,NDA,NDA,89.30%,5.8,95.30%,99.70%,NDA,NDA,NDA,NDA,NDA,NDA,NDA,NDA,NDA,NDA,NDA,NDA,,,,,NDA,NDA,NDA,NDA,13.4,13.4,15.1,14.6,1.2,17.1,2,22.1,67.4,46.4,2883,39,65.6,1158337.786,1877175.576,41.81871101,"'-87.69467483",58,BRIGHTON PARK,14,9,"(41.81871101, -87.69467483)"
610321,Thurgood Marshall Middle School,MS,3900 N Lawndale Ave,Chicago,IL,60618,(773) 534-5200,http://schoolreports.cps.edu/SchoolProgressReport_Eng/Spring2011Eng_610321.pdf,O'Hare Elementary Network,NORTH-NORTHWEST SIDE COLLABORATIVE,No,Standard,Probation,Level 3,No,Weak,39,NDA,NDA,Very Weak,11,Very Weak,1,Weak,NDA,NDA,NDA,NDA,NDA,NDA,NDA,94.00%,18.1,96.00%,97.20%,NDA,NDA,NDA,NDA,NDA,NDA,44.8,35.7,47.2,50.9,20.5,19.9,18.6,4.0,"'-1.7","'-2.2",Red,Red,NDA,NDA,NDA,NDA,NDA,NDA,NDA,NDA,NDA,NDA,NDA,NDA,435,31,NDA,1150989.856,1925703.541,41.95202360,"'-87.72035833",16,IRVING PARK,39,17,"(41.9520236, -87.72035833)"
609895,Turner-Drew Elementary Language Academy,ES,9300 S Princeton Ave,Chicago,IL,60620,(773) 535-5720,http://schoolreports.cps.edu/SchoolProgressReport_Eng/Spring2011Eng_609895.pdf,Rock Island Elementary Network,FAR SOUTH SIDE COLLABORATIVE,Yes,Standard,Not on Probation,Level 1,No,Average,56,Average,56,Average,48,Average,51,Weak,75,Strong,66,NDA,NDA,NDA,NDA,95.80%,24.0,95.20%,100.00%,80.2,54.2,46.3,46,54.5,60.5,68.8,55.3,57.9,52.2,18.4,44.9,24.2,23.2,0.1,0.9,Yellow,Green,NDA,NDA,NDA,NDA,NDA,NDA,NDA,NDA,NDA,NDA,NDA,NDA,373,48,NDA,1176188.712,1843386.932,41.72560849,"'-87.63020480",49,ROSELAND,21,6,"(41.72560849, -87.6302048)"
610394,Uplift Community High School,HS,900 W Wilson Ave,Chicago,IL,60640,(773) 534-2875,http://schoolreports.cps.edu/SchoolProgressReport_Eng/Spring2011Eng_610394.pdf,North-Northwest Side High School Network,NORTH-NORTHWEST SIDE COLLABORATIVE,No,Standard,Not on Probation,Level 2,No,Average,50,Average,50,Strong,61,Strong,62,Weak,48,Average,53,NDA,NDA,NDA,NDA,88.70%,8.1,95.90%,98.30%,NDA,NDA,NDA,NDA,NDA,NDA,51.2,34.9,70,29.3,14.8,14.8,23.3,2.3,0.8,"'-0.2",Yellow,Yellow,NDA,NDA,13.6,13.9,14.9,14.7,1.1,16.9,2,19.6,62.4,65,473,32,91.4,1169403.401,1930780.685,41.96557412,"'-87.65252191",3,UPTOWN,46,19,"(41.96557412, -87.65252191)"
610504,Velma F Thomas Early Childhood Center,ES,3625 S Hoyne Ave,Chicago,IL,60609,(773) 535-4088,http://schoolreports.cps.edu/SchoolProgressReport_Eng/Spring2011Eng_610504.pdf,Pershing Elementary Network,SOUTHWEST SIDE COLLABORATIVE,NDA,Standard,NDA,NDA,No,NDA,,NDA,NDA,NDA,,NDA,,Weak,NDA,NDA,NDA,Strong,55,Strong,57,,0.0,95.60%,100.00%,NDA,NDA,NDA,NDA,NDA,NDA,NDA,NDA,NDA,NDA,NDA,NDA,,,,,NDA,NDA,NDA,NDA,NDA,NDA,NDA,NDA,NDA,NDA,NDA,NDA,NDA,NDA,211,39,NDA,1162992.823,1880511.570,41.82776914,"'-87.67750501",59,MCKINLEY PARK,11,9,"(41.82776914, -87.67750501)"
609989,Victor Herbert Elementary School,ES,2131 W Monroe St,Chicago,IL,60612,(773) 534-7806,http://schoolreports.cps.edu/SchoolProgressReport_Eng/Spring2011Eng_609989.pdf,Fulton Elementary Network,WEST SIDE COLLABORATIVE,No,Track_E,Not on Probation,Level 1,No,Average,50,Average,52,Strong,64,Strong,72,Weak,48,Average,50,Average,50,Average,52,92.80%,10.3,96.20%,100.00%,58.4,26,53.3,34.9,63.7,83.5,53.8,29,73.9,58.1,25,25,30.0,10.3,2.1,"'-0.8",Green,Yellow,NDA,NDA,NDA,NDA,NDA,NDA,NDA,NDA,NDA,NDA,NDA,NDA,398,38,NDA,1162083.381,1899481.098,41.87984242,"'-87.68031236",28,NEAR WEST SIDE,2,12,"(41.87984242, -87.68031236)"
609944,Virgil Grissom Elementary School,ES,12810 S Escanaba Ave,Chicago,IL,60633,(773) 535-5380,http://schoolreports.cps.edu/SchoolProgressReport_Eng/Spring2011Eng_609944.pdf,Lake Calumet Elementary Network,FAR SOUTH SIDE COLLABORATIVE,No,Standard,Not on Probation,Level 2,No,Strong,62,Strong,66,Average,51,Strong,64,Weak,69,Very Strong,87,NDA,NDA,NDA,NDA,95.50%,2.5,96.40%,100.00%,84.4,51.6,53.4,47.7,45.5,60.2,50,45.7,62,54.3,23.5,44.1,22.0,17.7,"'-1.1","'-1.5",Red,Red,NDA,NDA,NDA,NDA,NDA,NDA,NDA,NDA,NDA,NDA,NDA,NDA,330,47,NDA,1197378.736,1820556.064,41.66245712,"'-87.55334334",55,HEGEWISCH,10,4,"(41.66245712, -87.55334334)"
610518,VOISE Academy High School,HS,231 N Pine Ave,Chicago,IL,60644,(773) 534-0660,http://schoolreports.cps.edu/SchoolProgressReport_Eng/Spring2011Eng_610518.pdf,West Side High School Network,WEST SIDE COLLABORATIVE,No,Standard,Probation,Level 2,No,Average,42,NDA,NDA,Average,52,Average,52,Weak,NDA,NDA,NDA,NDA,NDA,NDA,NDA,84.50%,25.0,96.50%,100.00%,NDA,NDA,NDA,NDA,NDA,NDA,NDA,NDA,NDA,NDA,NDA,NDA,,,,,NDA,NDA,NDA,NDA,12.3,12.5,13.6,13.6,1.3,14.4,0.8,NDA,NDA,NDA,410,36,82,1139494.763,1901274.258,41.88520477,"'-87.76321191",25,AUSTIN,28,15,"(41.88520477, -87.76321191)"
610363,Walt Disney Magnet Elementary School,ES,4140 N Marine Dr,Chicago,IL,60613,(773) 534-5840,http://schoolreports.cps.edu/SchoolProgressReport_Eng/Spring2011Eng_610363.pdf,Ravenswood-Ridge Elementary Network,NORTH-NORTHWEST SIDE COLLABORATIVE,No,Standard,Not on Probation,Level 1,No,NDA,,NDA,NDA,NDA,,NDA,,Weak,NDA,NDA,NDA,NDA,NDA,NDA,NDA,96.40%,7.7,96.40%,100.00%,NDA,53.8,63.9,64.9,54.7,64.1,72.8,69.6,59.9,51,38.7,53.3,46.0,35.7,0.4,0.6,Green,Green,20,74.1,NDA,NDA,NDA,NDA,NDA,NDA,NDA,NDA,NDA,NDA,1651,32,NDA,1171170.774,1927599.860,41.95680712,"'-87.64611750",3,UPTOWN,46,19,"(41.95680712, -87.6461175)"
610095,Walter L Newberry Math & Science Academy Elementary School,ES,700 W Willow St,Chicago,IL,60614,(773) 534-8000,http://schoolreports.cps.edu/SchoolProgressReport_Eng/Spring2011Eng_610095.pdf,Fullerton Elementary Network,NORTH-NORTHWEST SIDE COLLABORATIVE,Yes,Standard,Not on Probation,Level 1,No,Strong,71,Strong,74,Average,52,Strong,66,Weak,41,Average,44,Strong,54,Average,47,95.10%,2.1,96.30%,100.00%,NDA,NDA,70.2,61.5,57.5,66.9,68,65.5,61.1,59.3,40.3,43.5,46.2,35.9,1.0,1.3,Green,Green,NDA,NDA,NDA,NDA,NDA,NDA,NDA,NDA,NDA,NDA,NDA,NDA,558,33,NDA,1171323.787,1911991.711,41.91397435,"'-87.64601501",7,LINCOLN PARK,43,18,"(41.91397435, -87.64601501)"
609680,Walter Payton College Preparatory High School,HS,1034 N Wells St,Chicago,IL,60610,(773) 534-0034,http://schoolreports.cps.edu/SchoolProgressReport_Eng/Spring2011Eng_609680.pdf,North-Northwest Side High School Network,NORTH-NORTHWEST SIDE COLLABORATIVE,Yes,Standard,Not on Probation,Level 1,No,Very Strong,98,NDA,NDA,Very Strong,80,Strong,77,Weak,NDA,NDA,NDA,NDA,NDA,NDA,NDA,93.40%,0.7,96.10%,100.00%,NDA,NDA,NDA,NDA,NDA,NDA,NDA,NDA,NDA,NDA,NDA,NDA,,,,,NDA,NDA,NDA,NDA,21.2,21.8,23.1,23.2,2,27,3.9,96.4,96.9,82.4,881,33,90.7,1174484.638,1907490.082,41.90155157,"'-87.63453744",8,NEAR NORTH SIDE,27,18,"(41.90155157, -87.63453744)"
609955,Walter Q Gresham Elementary School,ES,8524 S Green St,Chicago,IL,60620,(773) 535-3350,http://schoolreports.cps.edu/SchoolProgressReport_Eng/Spring2011Eng_609955.pdf,Englewood-Gresham Elementary Network,SOUTHWEST SIDE COLLABORATIVE,No,Standard,Probation,Level 2,No,Weak,25,Average,49,Very Weak,7,Very Weak,11,Weak,68,Average,57,Average,48,Weak,46,95.50%,35.4,95.00%,100.00%,61.4,54,30.7,24,47.7,57.3,13.9,21.6,35.2,34.6,5.4,16.2,9.9,7.4,1.4,0.0,Green,Yellow,NDA,NDA,NDA,NDA,NDA,NDA,NDA,NDA,NDA,NDA,NDA,NDA,359,45,NDA,1172094.314,1848202.308,41.73891334,"'-87.64506169",71,AUBURN GRESHAM,21,6,"(41.73891334, -87.64506169)"
610264,Walter Reed Elementary School,ES,6350 S Stewart Ave,Chicago,IL,60621,(773) 535-3075,http://schoolreports.cps.edu/SchoolProgressReport_Eng/Spring2011Eng_610264.pdf,Englewood-Gresham Elementary Network,SOUTHWEST SIDE COLLABORATIVE,No,Standard,Probation,Level 2,No,Weak,29,NDA,NDA,Strong,62,Strong,68,Weak,NDA,NDA,NDA,Average,47,Average,51,92.40%,75.5,93.20%,100.00%,NDA,NDA,43.2,34.1,65.9,65.9,66,20,93.6,75.6,0,5.3,28.6,9.9,2.0,"'-0.3",Green,Yellow,NDA,NDA,NDA,NDA,NDA,NDA,NDA,NDA,NDA,NDA,NDA,NDA,44,45,NDA,1174681.574,1862611.036,41.77839545,"'-87.63515406",68,ENGLEWOOD,20,7,"(41.77839545, -87.63515406)"
609855,Walter S Christopher Elementary School,ES,5042 S Artesian Ave,Chicago,IL,60632,(773) 535-9375,http://schoolreports.cps.edu/SchoolProgressReport_Eng/Spring2011Eng_609855.pdf,Midway Elementary Network,SOUTHWEST SIDE COLLABORATIVE,No,Standard,Probation,Level 3,No,NDA,,Average,48,NDA,,NDA,,Weak,72,Strong,64,Average,52,Average,53,86.10%,4.0,94.10%,100.00%,42.9,15.8,28.8,19,66.1,45.5,61.7,44.7,63,54.3,7.7,38.5,13.3,5.7,0.7,0.7,Yellow,Yellow,NDA,NDA,NDA,NDA,NDA,NDA,NDA,NDA,NDA,NDA,NDA,NDA,279,43,NDA,1160846.210,1870985.960,41.80167440,"'-87.68564411",63,GAGE PARK,14,9,"(41.8016744, -87.68564411)"
610179,Washington D Smyser Elementary School,ES,4310 N Melvina Ave,Chicago,IL,60634,(773) 534-3711,http://schoolreports.cps.edu/SchoolProgressReport_Eng/Spring2011Eng_610179.pdf,O'Hare Elementary Network,NORTH-NORTHWEST SIDE COLLABORATIVE,No,Standard,Not on Probation,Level 1,No,Average,55,NDA,NDA,Average,43,Average,45,Weak,NDA,NDA,NDA,NDA,NDA,NDA,NDA,95.50%,4.9,97.20%,96.60%,72.6,NDA,53.9,58.4,61.1,65.7,59.2,60.2,64.7,51.5,27,49.5,36.5,27.5,0.6,0.1,Green,Yellow,NDA,NDA,NDA,NDA,NDA,NDA,NDA,NDA,NDA,NDA,NDA,NDA,1047,30,NDA,1134202.834,1928091.892,41.95889037,"'-87.78201198",15,PORTAGE PARK,38,16,"(41.95889037, -87.78201198)"
610121,Washington Irving Elementary School,ES,749 S Oakley Blvd,Chicago,IL,60612,(773) 534-7295,http://schoolreports.cps.edu/SchoolProgressReport_Eng/Spring2011Eng_610121.pdf,Fulton Elementary Network,WEST SIDE COLLABORATIVE,No,Track_E,Not on Probation,Level 2,No,Average,43,NDA,NDA,Weak,34,Average,44,Weak,NDA,NDA,NDA,Average,48,Average,49,95.60%,15.1,95.90%,89.00%,71.8,64.1,36.8,34,45.5,52.2,57.1,46.8,68.8,64.2,17,27.7,22.6,20.9,"'-0.8",0.7,Red,Yellow,NDA,NDA,NDA,NDA,NDA,NDA,NDA,NDA,NDA,NDA,NDA,NDA,482,38,NDA,1161216.391,1896475.332,41.87161238,"'-87.68357939",28,NEAR WEST SIDE,25,12,"(41.87161238, -87.68357939)"
609740,Wells Community Academy High School,HS,936 N Ashland Ave,Chicago,IL,60622,(773) 534-7010,http://schoolreports.cps.edu/SchoolProgressReport_Eng/Spring2011Eng_609740.pdf,West Side High School Network,WEST SIDE COLLABORATIVE,No,Standard,Probation,Level 2,No,Average,51,Average,49,Average,41,Weak,38,Weak,65,Average,49,NDA,NDA,NDA,NDA,74.10%,16.9,96.20%,96.70%,NDA,NDA,NDA,NDA,NDA,NDA,NDA,NDA,NDA,NDA,NDA,NDA,,,,,NDA,NDA,NDA,NDA,12.8,12.4,14.2,13.6,0.8,14.9,0.7,7.2,59.3,43.8,633,35,61.3,1165512.916,1906490.720,41.89900506,"'-87.66751989",24,WEST TOWN,1,13,"(41.89900506, -87.66751989)"
610032,Wendell E Green Elementary School,ES,1150 W 96th St,Chicago,IL,60643,(773) 535-2575,http://schoolreports.cps.edu/SchoolProgressReport_Eng/Spring2011Eng_610032.pdf,Rock Island Elementary Network,FAR SOUTH SIDE COLLABORATIVE,No,Standard,Not on Probation,Level 1,No,Weak,32,NDA,NDA,Average,47,Average,53,Weak,NDA,NDA,NDA,Average,53,Average,47,93.90%,20.1,95.70%,100.00%,59.4,46.3,53,39.2,72.6,63.5,55.2,37.5,59.8,67.5,12.5,12.5,25.8,15.7,2.2,1.0,Green,Green,NDA,NDA,NDA,NDA,NDA,NDA,NDA,NDA,NDA,NDA,NDA,NDA,254,49,NDA,1170124.549,1841046.411,41.71931953,"'-87.65248591",73,WASHINGTON HEIGHTS,21,22,"(41.71931953, -87.65248591)"
609727,Wendell Phillips Academy High School,HS,244 E Pershing Rd,Chicago,IL,60653,(773) 535-1603,http://schoolreports.cps.edu/SchoolProgressReport_Eng/Spring2011Eng_609727.pdf,AUSL Schools,SOUTH SIDE COLLABORATIVE,No,Track_E,Probation,Level 3,No,NDA,,Strong,71,NDA,,NDA,,Weak,80,Strong,79,NDA,NDA,NDA,NDA,63.00%,22.0,96.10%,100.00%,NDA,NDA,NDA,NDA,NDA,NDA,NDA,NDA,NDA,NDA,NDA,NDA,,,,,NDA,NDA,NDA,NDA,11.5,12.8,13.4,12.9,1.4,15,1.6,2.5,40.3,42.6,590,40,32.1,1178735.106,1879229.780,41.82390751,"'-87.61978794",35,DOUGLAS,3,2,"(41.82390751, -87.61978794)"
609978,Wendell Smith Elementary School,ES,744 E 103rd St,Chicago,IL,60628,(773) 535-5689,http://schoolreports.cps.edu/SchoolProgressReport_Eng/Spring2011Eng_609978.pdf,Lake Calumet Elementary Network,FAR SOUTH SIDE COLLABORATIVE,No,Track_E,Probation,Level 3,No,Weak,22,Weak,24,Very Weak,1,Very Weak,1,Weak,31,Weak,29,Weak,42,Weak,46,92.10%,90.0,94.10%,95.20%,64.8,42.6,25,20.2,53.1,49,34.6,22.3,30.7,45.9,8.6,22.9,9.4,4.2,"'-0.5","'-1.0",Yellow,Red,NDA,NDA,NDA,NDA,NDA,NDA,NDA,NDA,NDA,NDA,NDA,NDA,363,48,NDA,1183210.110,1836877.160,41.70758462,"'-87.60468711",50,PULLMAN,8,5,"(41.70758462, -87.60468711)"
610100,West Park Elementary Academy,ES,1425 N Tripp Ave,Chicago,IL,60651,(773) 534-4940,http://schoolreports.cps.edu/SchoolProgressReport_Eng/Spring2011Eng_610100.pdf,Garfield-Humboldt Elementary Network,WEST SIDE COLLABORATIVE,No,Track_E,Probation,Level 3,No,Weak,29,NDA,NDA,Weak,36,Average,40,Weak,NDA,NDA,NDA,Weak,46,Average,47,93.70%,16.3,96.70%,100.00%,60.7,44.4,22,17.6,39.2,37.3,29,26.4,61.2,51.2,9.2,15.4,10.8,6.9,"'-0.3","'-0.2",Yellow,Yellow,NDA,NDA,NDA,NDA,NDA,NDA,NDA,NDA,NDA,NDA,NDA,NDA,686,34,NDA,1147827.760,1909240.952,41.90691024,"'-87.73240646",23,HUMBOLDT PARK,37,25,"(41.90691024, -87.73240646)"
610224,West Pullman Elementary School,ES,11941 S Parnell Ave,Chicago,IL,60628,(773) 535-5500,http://schoolreports.cps.edu/SchoolProgressReport_Eng/Spring2011Eng_610224.pdf,Lake Calumet Elementary Network,FAR SOUTH SIDE COLLABORATIVE,No,Track_E,Probation,Level 3,No,Weak,23,Average,46,Average,55,Average,47,Weak,57,Average,50,Average,47,Weak,44,91.20%,7.6,93.80%,100.00%,31,28.8,12.6,15.5,45.9,43.5,25.7,22.5,32,38.8,9.7,22.6,5.7,5.7,"'-0.9","'-1.3",Red,Red,NDA,NDA,NDA,NDA,NDA,NDA,NDA,NDA,NDA,NDA,NDA,NDA,343,48,NDA,1174831.250,1825538.503,41.67666008,"'-87.63570683",53,WEST PULLMAN,34,5,"(41.67666008, -87.63570683)"
610542,West Ridge Elementary School,ES,6700 N Whipple St,Chicago,IL,60645,(773) 534-8250,http://schoolreports.cps.edu/SchoolProgressReport_Eng/Spring2011Eng_610542.pdf,Ravenswood-Ridge Elementary Network,NORTH-NORTHWEST SIDE COLLABORATIVE,No,Standard,Not on Probation,Not Enough Data,No,Strong,67,NDA,NDA,Average,41,Weak,28,Weak,NDA,NDA,NDA,Weak,46,Strong,58,94.90%,6.8,0.00%,100.00%,69,46.8,43.3,32.9,46.3,60.9,44,34.4,48.7,43.2,18.2,26.2,16.9,13.0,"'-2.2","'-1.0",Red,Red,NDA,NDA,NDA,NDA,NDA,NDA,NDA,NDA,NDA,NDA,NDA,NDA,659,32,NDA,1154772.178,1944306.386,42.00299575,"'-87.70595357",2,WEST RIDGE,50,24,"(42.00299575, -87.70595357)"
609755,Whitney M Young Magnet High School,HS,211 S Laflin St,Chicago,IL,60607,(773) 534-7500,http://schoolreports.cps.edu/SchoolProgressReport_Eng/Spring2011Eng_609755.pdf,West Side High School Network,WEST SIDE COLLABORATIVE,Yes,Standard,Not on Probation,Level 1,No,Very Strong,95,Very Strong,80,Strong,69,Strong,67,Weak,52,Average,46,Average,53,Average,50,94.60%,1.2,94.90%,100.00%,NDA,NDA,NDA,NDA,NDA,NDA,NDA,NDA,NDA,NDA,100,99,99.5,77.0,"'-1.2","'-0.8",Red,Yellow,56.3,89.2,20.8,21,22.6,22.8,2,26.6,4,89,93.9,88.3,2166,38,96.7,1166475.742,1899058.627,41.87859028,"'-87.66419634",28,NEAR WEST SIDE,2,12,"(41.87859028, -87.66419634)"
610230,Wildwood Elementary School,ES,6950 N Hiawatha Ave,Chicago,IL,60646,(773) 534-1188,http://schoolreports.cps.edu/SchoolProgressReport_Eng/Spring2011Eng_610230.pdf,O'Hare Elementary Network,NORTH-NORTHWEST SIDE COLLABORATIVE,Yes,Standard,Not on Probation,Level 1,No,Very Strong,99,Very Strong,90,Strong,77,Strong,67,Weak,55,Average,45,Strong,55,Weak,37,96.20%,1.0,95.70%,92.30%,88.8,NDA,71.5,67.2,47.4,59.9,79.5,79.5,82,63.9,50.9,68.4,52.9,33.2,0.7,"'-0.4",Green,Yellow,22.8,84.6,NDA,NDA,NDA,NDA,NDA,NDA,NDA,NDA,NDA,NDA,414,30,NDA,1135078.471,1945800.949,42.00747007,"'-87.77837089",12,FOREST GLEN,41,16,"(42.00747007, -87.77837089)"
610251,Willa Cather Elementary School,ES,2908 W Washington Blvd,Chicago,IL,60612,(773) 534-6780,http://schoolreports.cps.edu/SchoolProgressReport_Eng/Spring2011Eng_610251.pdf,Garfield-Humboldt Elementary Network,WEST SIDE COLLABORATIVE,No,Track_E,Not on Probation,Level 1,No,Strong,69,Strong,70,Strong,78,Very Strong,81,Weak,62,Very Strong,83,Strong,56,Average,53,94.90%,29.5,96.40%,100.00%,62.7,44,42.9,27.1,54.3,72.5,36.1,21.3,45.5,38.2,0,5.3,20.3,20.9,2.7,2.3,Green,Green,NDA,NDA,NDA,NDA,NDA,NDA,NDA,NDA,NDA,NDA,NDA,NDA,234,34,NDA,1156925.053,1900584.719,41.88297700,"'-87.69922315",27,EAST GARFIELD PARK,2,13,"(41.882977, -87.69922315)"
610299,William A Hinton Elementary School,ES,644 W 71st St,Chicago,IL,60621,(773) 535-3875,http://schoolreports.cps.edu/SchoolProgressReport_Eng/Spring2011Eng_610299.pdf,Englewood-Gresham Elementary Network,SOUTHWEST SIDE COLLABORATIVE,No,Track_E,Probation,Level 3,No,Very Weak,18,NDA,NDA,Weak,30,Weak,29,Weak,NDA,NDA,NDA,Weak,45,Average,50,91.70%,28.9,95.10%,100.00%,NDA,NDA,28.9,15.2,52.6,59.7,31.1,23,40.2,45.2,10,12.5,9.2,3.8,0.0,"'-1.4",Yellow,Red,NDA,NDA,NDA,NDA,NDA,NDA,NDA,NDA,NDA,NDA,NDA,NDA,321,45,NDA,1173035.972,1857848.339,41.76536255,"'-87.64132740",68,ENGLEWOOD,6,7,"(41.76536255, -87.6413274)"
610109,William Bishop Owen Scholastic Academy Elementary School,ES,8247 S Christiana Ave,Chicago,IL,60652,(773) 535-9330,http://schoolreports.cps.edu/SchoolProgressReport_Eng/Spring2011Eng_610109.pdf,Midway Elementary Network,SOUTHWEST SIDE COLLABORATIVE,Yes,Standard,Not on Probation,Level 1,No,Average,49,Strong,61,Weak,39,Average,56,Weak,51,Average,47,Strong,58,Average,53,96.90%,1.2,95.00%,100.00%,88.2,77.6,69.5,73.2,72,70.7,67.5,61.3,62.5,53.8,19.2,30.8,28.4,29.0,0.7,0.1,Yellow,Yellow,44.4,54.5,NDA,NDA,NDA,NDA,NDA,NDA,NDA,NDA,NDA,NDA,243,44,NDA,1155530.649,1849518.217,41.74287191,"'-87.70571301",70,ASHBURN,18,8,"(41.74287191, -87.70571301)"
610101,William B Ogden Elementary School,ES,24 W Walton St,Chicago,IL,60610,(773) 534-8110,http://schoolreports.cps.edu/SchoolProgressReport_Eng/Spring2011Eng_610101.pdf,Fullerton Elementary Network,NORTH-NORTHWEST SIDE COLLABORATIVE,No,Standard,Not on Probation,Level 2,No,NDA,,NDA,NDA,NDA,,NDA,,Weak,NDA,NDA,NDA,NDA,NDA,NDA,NDA,95.10%,4.5,97.00%,100.00%,40,NDA,67.3,61.3,57.8,66.8,NDA,NDA,NDA,NDA,NDA,NDA,40.8,39.9,0.3,0.5,Yellow,Yellow,NDA,NDA,NDA,NDA,NDA,NDA,NDA,NDA,NDA,NDA,NDA,NDA,722,33,NDA,1175917.983,1906947.859,41.90003152,"'-87.62928901",8,NEAR NORTH SIDE,42,18,"(41.90003152, -87.62928901)"
609945,William C Goudy Elementary School,ES,5120 N Winthrop Ave,Chicago,IL,60640,(773) 534-2480,http://schoolreports.cps.edu/SchoolProgressReport_Eng/Spring2011Eng_609945.pdf,Ravenswood-Ridge Elementary Network,NORTH-NORTHWEST SIDE COLLABORATIVE,No,Standard,Not on Probation,Level 1,No,Strong,70,Average,52,Strong,74,Strong,61,Weak,65,Average,52,NDA,NDA,NDA,NDA,96.10%,6.0,95.80%,100.00%,64,62.9,46.1,32.8,52.5,59.5,61.5,48.3,65.6,60.7,37.5,51.8,30.8,23.6,0.9,1.0,Green,Green,34.5,100,NDA,NDA,NDA,NDA,NDA,NDA,NDA,NDA,NDA,NDA,805,32,NDA,1167897.992,1934499.505,41.97581137,"'-87.65794915",3,UPTOWN,48,20,"(41.97581137, -87.65794915)"
610143,William C Reavis Math & Science Specialty Elementary School,ES,834 E 50th St,Chicago,IL,60615,(773) 535-1060,http://schoolreports.cps.edu/SchoolProgressReport_Eng/Spring2011Eng_610143.pdf,Burnham Park Elementary Network,SOUTH SIDE COLLABORATIVE,No,Standard,Probation,Level 3,No,Average,48,Very Weak,6,Weak,37,Weak,26,Weak,10,Very Weak,15,Weak,45,Average,47,93.50%,37.2,94.80%,98.20%,47.2,NDA,31,29.5,43.5,51.9,19.1,23.4,38.5,48.4,3.2,16.1,5.8,10.1,"'-0.7",0.0,Red,Yellow,NDA,NDA,NDA,NDA,NDA,NDA,NDA,NDA,NDA,NDA,NDA,NDA,311,42,NDA,1182841.804,1872082.772,41.80420101,"'-87.60494430",39,KENWOOD,4,2,"(41.80420101, -87.6049443)"
610364,William E B Dubois Elementary School,ES,330 E 133rd St,Chicago,IL,60827,(773) 535-5582,http://schoolreports.cps.edu/SchoolProgressReport_Eng/Spring2011Eng_610364.pdf,Lake Calumet Elementary Network,FAR SOUTH SIDE COLLABORATIVE,No,Track_E,Probation,Level 3,No,Average,47,NDA,NDA,Weak,33,Average,42,Weak,NDA,NDA,NDA,Average,50,Weak,45,93.30%,48.5,94.40%,100.00%,73.2,64.8,17.9,11.8,37.5,44.4,23.2,20.9,64.5,55.7,0,12.5,7.9,5.0,0.4,0.4,Yellow,Yellow,NDA,NDA,NDA,NDA,NDA,NDA,NDA,NDA,NDA,NDA,NDA,NDA,184,48,NDA,1180737.575,1817242.153,41.65376037,"'-87.61434156",54,RIVERDALE,9,5,"(41.65376037, -87.61434156)"
609884,William E Dever Elementary School,ES,3436 N Osceola Ave,Chicago,IL,60634,(773) 534-3090,http://schoolreports.cps.edu/SchoolProgressReport_Eng/Spring2011Eng_609884.pdf,O'Hare Elementary Network,NORTH-NORTHWEST SIDE COLLABORATIVE,No,Standard,Not on Probation,Level 1,No,Strong,67,Strong,66,Strong,60,Strong,78,Weak,37,Weak,36,Average,50,Average,48,95.50%,2.1,95.90%,100.00%,71.1,34.9,60.8,51.1,62.9,66.3,73.5,57.6,68.6,63.8,20,46.7,31.5,27.9,0.4,1.3,Yellow,Green,NDA,NDA,NDA,NDA,NDA,NDA,NDA,NDA,NDA,NDA,NDA,NDA,843,30,NDA,1125764.896,1922082.022,41.94254335,"'-87.81316800",17,DUNNING,36,16,"(41.94254335, -87.813168)"
609967,William F Finkl Elementary School,ES,2332 S Western Ave,Chicago,IL,60608,(773) 535-5850,http://schoolreports.cps.edu/SchoolProgressReport_Eng/Spring2011Eng_609967.pdf,Pilsen-Little Village Elementary Network,WEST SIDE COLLABORATIVE,No,Track_E,Probation,Level 2,No,Average,56,Strong,60,Average,50,Average,52,Weak,41,Average,56,Average,49,Strong,54,95.20%,6.7,96.90%,100.00%,58.6,NDA,33.1,25.2,53.6,47.8,44.9,34.8,48.4,50.8,17.1,25.7,19.2,9.6,0.4,0.7,Yellow,Yellow,NDA,NDA,NDA,NDA,NDA,NDA,NDA,NDA,NDA,NDA,NDA,NDA,588,39,NDA,1160699.306,1888303.522,41.84919885,"'-87.68570412",31,LOWER WEST SIDE,25,10,"(41.84919885, -87.68570412)"
609994,William G Hibbard Elementary School,ES,3244 W Ainslie St,Chicago,IL,60625,(773) 534-5191,http://schoolreports.cps.edu/SchoolProgressReport_Eng/Spring2011Eng_609994.pdf,O'Hare Elementary Network,NORTH-NORTHWEST SIDE COLLABORATIVE,No,Standard,Not on Probation,Level 2,No,NDA,,NDA,NDA,NDA,,NDA,,Weak,NDA,NDA,NDA,Average,49,Average,50,96.50%,3.0,96.90%,99.30%,70.7,20.7,38.3,27.2,40,46.7,38.8,34.7,33.9,38.3,NDA,NDA,19.3,15.3,0.5,"'-0.1",Green,Yellow,NDA,NDA,NDA,NDA,NDA,NDA,NDA,NDA,NDA,NDA,NDA,NDA,1239,31,NDA,1153660.420,1932405.972,41.97036267,"'-87.71036214",14,ALBANY PARK,39,17,"(41.97036267, -87.71036214)"
609812,William H Brown Elementary School,ES,54 N Hermitage Ave,Chicago,IL,60612,(773) 534-7250,http://schoolreports.cps.edu/SchoolProgressReport_Eng/Spring2011Eng_609812.pdf,Fulton Elementary Network,WEST SIDE COLLABORATIVE,No,Standard,Probation,Level 2,No,Weak,36,Strong,73,Average,58,Strong,78,Weak,74,Strong,73,Weak,46,Average,49,92.80%,59.0,94.70%,100.00%,67.6,51.4,28.3,15.1,32,60,41.9,20.5,58,36.2,4.2,4.2,10.2,3.2,1.1,"'-0.9",Green,Yellow,NDA,NDA,NDA,NDA,NDA,NDA,NDA,NDA,NDA,NDA,NDA,NDA,217,38,NDA,1164687.109,1900646.996,41.88298698,"'-87.67071879",28,NEAR WEST SIDE,27,13,"(41.88298698, -87.67071879)"
610023,William H King Elementary School,ES,740 S Campbell Ave,Chicago,IL,60612,(773) 534-7898,http://schoolreports.cps.edu/SchoolProgressReport_Eng/Spring2011Eng_610023.pdf,Fulton Elementary Network,WEST SIDE COLLABORATIVE,No,Track_E,Probation,Level 3,No,Average,47,NDA,NDA,Average,44,Average,47,Weak,NDA,NDA,NDA,NDA,NDA,NDA,NDA,92.40%,17.7,95.10%,100.00%,42.1,NDA,30.1,29.4,57.5,53.8,36.8,27.5,65.9,69,10,16.7,10.6,8.4,0.3,"'-0.4",Yellow,Yellow,40.6,7.7,NDA,NDA,NDA,NDA,NDA,NDA,NDA,NDA,NDA,NDA,264,38,NDA,1159805.717,1896555.693,41.87186209,"'-87.68875632",28,NEAR WEST SIDE,2,11,"(41.87186209, -87.68875632)"
609734,William Howard Taft High School,HS,6530 W Bryn Mawr Ave,Chicago,IL,60631,(773) 534-1000,http://schoolreports.cps.edu/SchoolProgressReport_Eng/Spring2011Eng_609734.pdf,North-Northwest Side High School Network,NORTH-NORTHWEST SIDE COLLABORATIVE,No,Standard,Not on Probation,Level 2,No,Strong,61,NDA,NDA,Weak,37,Weak,32,Weak,NDA,NDA,NDA,NDA,NDA,NDA,NDA,89.10%,9.8,96.10%,99.70%,NDA,NDA,NDA,NDA,NDA,NDA,91.8,93.6,41.3,59.8,71.9,88.4,80.2,50.6,"'-3.1","'-1.8",Red,Red,74.4,60,14.8,15.7,15.9,16.4,1.6,17.9,2,32.3,67.4,62.2,2922,30,77.3,1131556.247,1936856.822,41.98298852,"'-87.79153830",10,NORWOOD PARK,41,16,"(41.98298852, -87.7915383)"
610136,William H Prescott Elementary School,ES,1632 W Wrightwood Ave,Chicago,IL,60614,(773) 534-5505,http://schoolreports.cps.edu/SchoolProgressReport_Eng/Spring2011Eng_610136.pdf,Fullerton Elementary Network,NORTH-NORTHWEST SIDE COLLABORATIVE,No,Track_E,Not on Probation,Level 2,No,Very Strong,90,NDA,NDA,Average,51,Weak,24,Weak,NDA,NDA,NDA,Average,50,Average,48,93.50%,73.9,97.60%,95.00%,NDA,NDA,24.4,31.7,63.2,46.3,42.6,43.5,61.7,65.9,NDA,NDA,16.0,8.9,0.4,0.5,Yellow,Yellow,NDA,NDA,NDA,NDA,NDA,NDA,NDA,NDA,NDA,NDA,NDA,NDA,240,33,NDA,1164875.342,1917368.608,41.92886824,"'-87.66955245",7,LINCOLN PARK,32,19,"(41.92886824, -87.66955245)"
610142,William H Ray Elementary School,ES,5631 S Kimbark Ave,Chicago,IL,60637,(773) 535-0970,http://schoolreports.cps.edu/SchoolProgressReport_Eng/Spring2011Eng_610142.pdf,Burnham Park Elementary Network,SOUTH SIDE COLLABORATIVE,Yes,Standard,Not on Probation,Level 1,No,Strong,69,NDA,NDA,Weak,22,Very Weak,12,Weak,NDA,NDA,NDA,Average,50,Weak,46,95.10%,6.7,94.90%,98.80%,75.1,46.4,51.5,51.5,53.6,44.3,48.4,63.1,50,50.8,NDA,NDA,31.8,35.2,"'-0.8",1.5,Red,Green,NDA,NDA,NDA,NDA,NDA,NDA,NDA,NDA,NDA,NDA,NDA,NDA,654,46,NDA,1185667.780,1867788.013,41.79234967,"'-87.59471544",41,HYDE PARK,5,2,"(41.79234967, -87.59471544)"
610153,William H Ryder Math & Science Specialty Elementary School,ES,8716 S Wallace St,Chicago,IL,60620,(773) 535-3843,http://schoolreports.cps.edu/SchoolProgressReport_Eng/Spring2011Eng_610153.pdf,Englewood-Gresham Elementary Network,SOUTHWEST SIDE COLLABORATIVE,No,Track_E,Probation,Level 3,No,Weak,34,NDA,NDA,Average,42,Average,50,Weak,NDA,NDA,NDA,NDA,NDA,NDA,NDA,93.00%,22.5,94.30%,96.40%,73.6,56.9,21.6,6.8,32.7,37.5,37.7,17.7,44.6,37,20.5,33.3,10.6,5.6,"'-0.5","'-1.6",Yellow,Red,27.5,NDA,NDA,NDA,NDA,NDA,NDA,NDA,NDA,NDA,NDA,NDA,302,49,NDA,1173792.130,1846923.856,41.73536767,"'-87.63887904",71,AUBURN GRESHAM,21,22,"(41.73536767, -87.63887904)"
610167,William H Seward Communication Arts Academy Elementary School,ES,4600 S Hermitage Ave,Chicago,IL,60609,(773) 535-4890,http://schoolreports.cps.edu/SchoolProgressReport_Eng/Spring2011Eng_610167.pdf,Pershing Elementary Network,SOUTHWEST SIDE COLLABORATIVE,No,Standard,Not on Probation,Level 2,No,Average,40,Average,43,Weak,38,Average,41,Weak,66,Strong,63,Average,49,Average,50,95.70%,14.4,95.70%,100.00%,58.6,NDA,25.2,28.2,49.1,58.8,45.3,33.9,57.8,51.3,12.5,25,12.2,7.9,"'-1.1","'-0.5",Red,Yellow,43.3,46.4,NDA,NDA,NDA,NDA,NDA,NDA,NDA,NDA,NDA,NDA,896,42,NDA,1165412.465,1874162.777,41.81029632,"'-87.66880778",61,NEW CITY,20,9,"(41.81029632, -87.66880778)"
609698,William J Bogan High School,HS,3939 W 79th St,Chicago,IL,60652,(773) 535-2180,http://schoolreports.cps.edu/SchoolProgressReport_Eng/Spring2011Eng_609698.pdf,Southwest Side High School Network,SOUTHWEST SIDE COLLABORATIVE,No,Standard,Probation,Level 3,No,Weak,20,NDA,NDA,Very Weak,18,Weak,29,Weak,NDA,NDA,NDA,Weak,41,Weak,38,75.20%,5.8,94.30%,99.60%,NDA,NDA,NDA,NDA,NDA,NDA,NDA,NDA,NDA,NDA,NDA,NDA,,,,,NDA,NDA,NDA,NDA,13.4,13.3,14.3,14.3,0.9,15.2,0.9,13.1,52.5,50,1656,44,67.1,1151315.548,1851847.859,41.74934817,"'-87.72109673",70,ASHBURN,18,8,"(41.74934817, -87.72109673)"
610061,William J & Charles H Mayo Elementary School,ES,249 E 37th St,Chicago,IL,60653,(773) 535-1260,http://schoolreports.cps.edu/SchoolProgressReport_Eng/Spring2011Eng_610061.pdf,Burnham Park Elementary Network,SOUTH SIDE COLLABORATIVE,No,Standard,Not on Probation,Level 2,No,Average,52,Average,55,Strong,62,Strong,65,Weak,52,Average,47,Average,50,Strong,55,95.30%,26.0,95.20%,100.00%,48.3,24.1,28.2,25.2,45.9,58,40,36.6,57.4,53.7,10,30,15.5,6.0,0.7,"'-0.3",Green,Yellow,NDA,NDA,NDA,NDA,NDA,NDA,NDA,NDA,NDA,NDA,NDA,NDA,453,40,NDA,1178726.235,1880476.124,41.82732778,"'-87.61978251",35,DOUGLAS,3,2,"(41.82732778, -87.61978251)"
610104,William J Onahan Elementary School,ES,6634 W Raven St,Chicago,IL,60631,(773) 534-1180,http://schoolreports.cps.edu/SchoolProgressReport_Eng/Spring2011Eng_610104.pdf,O'Hare Elementary Network,NORTH-NORTHWEST SIDE COLLABORATIVE,Yes,Standard,Not on Probation,Level 1,No,Strong,64,Average,59,Weak,29,Weak,27,Weak,32,Weak,39,Average,47,Weak,44,95.70%,6.9,96.10%,98.80%,76.8,56.2,62.7,61.2,40.8,53.9,60.2,63.8,49.7,44.8,44,54,35.1,29.6,0.2,0.0,Yellow,Yellow,NDA,NDA,NDA,NDA,NDA,NDA,NDA,NDA,NDA,NDA,NDA,NDA,687,30,NDA,1131111.880,1940800.440,41.99381787,"'-87.79308113",10,NORWOOD PARK,41,16,"(41.99381787, -87.79308113)"
609678,William Jones College Preparatory High School,HS,606 S State St,Chicago,IL,60605,(773) 534-8600,http://schoolreports.cps.edu/SchoolProgressReport_Eng/Spring2011Eng_609678.pdf,South Side High School Network,SOUTH SIDE COLLABORATIVE,Yes,Standard,Not on Probation,Level 1,No,Very Strong,92,NDA,NDA,Strong,64,Strong,67,Weak,NDA,NDA,NDA,NDA,NDA,NDA,NDA,93.80%,4.5,95.30%,100.00%,NDA,NDA,NDA,NDA,NDA,NDA,NDA,NDA,NDA,NDA,NDA,NDA,,,,,NDA,NDA,NDA,NDA,19.6,20.3,21.3,21.1,1.5,24.8,3.5,83.3,90.1,86.9,871,38,92.8,1176412.354,1897618.088,41.87441898,"'-87.62775497",32,LOOP,2,1,"(41.87441898, -87.62775497)"
610193,William K New Sullivan Elementary School,ES,8331 S Mackinaw,Chicago,IL,60617,(773) 535-6585,http://schoolreports.cps.edu/SchoolProgressReport_Eng/Spring2011Eng_610193.pdf,Skyway Elementary Network,SOUTH SIDE COLLABORATIVE,No,Standard,Probation,Level 3,No,Weak,27,Average,42,Weak,35,Average,40,Weak,58,Weak,33,Average,47,Strong,54,90.30%,27.3,94.00%,97.80%,34.1,17.1,17.8,14.1,42.9,51.5,10.2,21,56.6,52.5,0,6.7,2.9,5.8,"'-0.9",0.2,Red,Yellow,NDA,NDA,NDA,NDA,NDA,NDA,NDA,NDA,NDA,NDA,NDA,NDA,527,47,NDA,1199962.656,1850233.537,41.74383020,"'-87.54289100",46,SOUTH CHICAGO,10,4,"(41.7438302, -87.542891)"
610123,William Penn Elementary School,ES,1616 S Avers Ave,Chicago,IL,60623,(773) 534-1665,http://schoolreports.cps.edu/SchoolProgressReport_Eng/Spring2011Eng_610123.pdf,Austin-North Lawndale Elementary Network,WEST SIDE COLLABORATIVE,No,Track_E,Probation,Level 3,No,Strong,78,NDA,NDA,Very Strong,99,Very Strong,99,Weak,NDA,NDA,NDA,Average,52,Average,53,91.80%,5.7,95.20%,92.90%,42.7,NDA,22.4,17.6,53,51.5,16.5,15.7,42.5,51.3,8.7,17.4,8.1,5.5,0.3,"'-0.2",Yellow,Yellow,NDA,NDA,NDA,NDA,NDA,NDA,NDA,NDA,NDA,NDA,NDA,NDA,423,37,NDA,1150967.365,1891574.242,41.85836995,"'-87.72133609",29,NORTH LAWNDALE,24,10,"(41.85836995, -87.72133609)"
609949,William P Gray Elementary School,ES,3730 N Laramie Ave,Chicago,IL,60641,(773) 534-3520,http://schoolreports.cps.edu/SchoolProgressReport_Eng/Spring2011Eng_609949.pdf,O'Hare Elementary Network,NORTH-NORTHWEST SIDE COLLABORATIVE,No,Standard,Not on Probation,Level 1,No,Average,57,NDA,NDA,Average,44,Weak,35,Weak,NDA,NDA,NDA,Average,47,Average,50,95.60%,5.9,95.90%,99.40%,74.1,NDA,53.5,51.4,69.1,77.5,43,53.5,61,70.1,16.3,28.7,26.1,19.4,0.5,0.9,Green,Green,46.1,34.9,NDA,NDA,NDA,NDA,NDA,NDA,NDA,NDA,NDA,NDA,1345,29,NDA,1140988.981,1924452.515,41.94878107,"'-87.75715297",15,PORTAGE PARK,38,16,"(41.94878107, -87.75715297)"
610097,William P Nixon Elementary School,ES,2121 N Keeler Ave,Chicago,IL,60639,(773) 534-4375,http://schoolreports.cps.edu/SchoolProgressReport_Eng/Spring2011Eng_610097.pdf,Fullerton Elementary Network,NORTH-NORTHWEST SIDE COLLABORATIVE,No,Standard,Not on Probation,Level 2,No,Average,52,NDA,NDA,Strong,70,Strong,62,Weak,NDA,NDA,NDA,Weak,46,Average,47,95.60%,3.5,95.80%,100.00%,66.9,25,31.8,27.8,52.4,57.3,35.5,20.7,57,50,NDA,NDA,11.2,9.6,"'-0.1","'-0.2",Yellow,Yellow,NDA,NDA,NDA,NDA,NDA,NDA,NDA,NDA,NDA,NDA,NDA,NDA,1061,34,NDA,1148073.735,1913864.663,41.91959342,"'-87.73138368",20,HERMOSA,30,25,"(41.91959342, -87.73138368)"
609711,William Rainey Harper High School,HS,6520 S Wood St,Chicago,IL,60636,(773) 535-9150,http://schoolreports.cps.edu/SchoolProgressReport_Eng/Spring2011Eng_609711.pdf,Southwest Side High School Network,SOUTHWEST SIDE COLLABORATIVE,No,Track_E,Probation,Level 2,No,Weak,22,Weak,32,Weak,39,Average,42,Weak,31,Weak,31,Average,49,Average,53,73.00%,63.6,94.70%,100.00%,NDA,NDA,NDA,NDA,NDA,NDA,NDA,NDA,NDA,NDA,NDA,NDA,,,,,NDA,NDA,NDA,NDA,12.2,11.9,13.1,13.4,1.2,14.4,1.3,5.9,37,40.3,621,43,64.2,1165424.867,1861341.255,41.77511222,"'-87.66912563",67,WEST ENGLEWOOD,15,7,"(41.77511222, -87.66912563)"
610232,Williams Multiplex Elementary School,ES,2710 S Dearborn St,Chicago,IL,60616,(773) 534-9245,http://schoolreports.cps.edu/SchoolProgressReport_Eng/Spring2011Eng_610232.pdf,Burnham Park Elementary Network,SOUTH SIDE COLLABORATIVE,No,Track_E,Probation,Level 2,No,NDA,,NDA,NDA,NDA,,NDA,,Weak,NDA,NDA,NDA,Average,50,Average,50,91.60%,17.0,95.90%,100.00%,45.3,31.1,22.3,25.9,48.1,58.1,NDA,NDA,NDA,NDA,NDA,NDA,24.3,27.9,1.1,2.5,Green,Green,NDA,NDA,NDA,NDA,NDA,NDA,NDA,NDA,NDA,NDA,NDA,NDA,266,40,NDA,1176275.784,1886545.486,41.84403809,"'-87.62859008",35,DOUGLAS,3,1,"(41.84403809, -87.62859008)"
610336,Williams Preparatory Academy Middle School,MS,2710 S Dearborn St,Chicago,IL,60616,(773) 534-9235,http://schoolreports.cps.edu/SchoolProgressReport_Eng/Spring2011Eng_610336.pdf,Burnham Park Elementary Network,SOUTH SIDE COLLABORATIVE,No,Standard,Probation,Level 3,No,Average,49,NDA,NDA,Average,42,Average,48,Weak,NDA,NDA,NDA,Average,53,Strong,56,93.30%,14.8,92.40%,96.80%,NDA,NDA,NDA,NDA,NDA,NDA,16.2,26.1,56.3,50,2.8,11.1,7.8,15.5,0.4,3.3,Yellow,Green,NDA,NDA,NDA,NDA,NDA,NDA,NDA,NDA,NDA,NDA,NDA,NDA,125,40,NDA,1176275.784,1886545.486,41.84403809,"'-87.62859008",35,DOUGLAS,3,1,"(41.84403809, -87.62859008)"
610172,William T Sherman Elementary School,ES,1000 W 52nd St,Chicago,IL,60609,(773) 535-1757,http://schoolreports.cps.edu/SchoolProgressReport_Eng/Spring2011Eng_610172.pdf,AUSL Schools,SOUTHWEST SIDE COLLABORATIVE,No,Track_E,Probation,Level 3,No,Weak,32,NDA,NDA,Average,46,Average,55,Weak,NDA,NDA,NDA,Average,49,Average,52,92.30%,230.6,95.00%,100.00%,NDA,NDA,21.8,26.8,41.1,42,30.1,19.7,46.3,35.2,7.5,15.1,8.1,1.7,0.7,"'-1.3",Green,Red,NDA,NDA,NDA,NDA,NDA,NDA,NDA,NDA,NDA,NDA,NDA,NDA,462,45,NDA,1170500.817,1870373.159,41.79978772,"'-87.65025483",61,NEW CITY,16,9,"(41.79978772, -87.65025483)"
609844,William W Carter Elementary School,ES,5740 S Michigan Ave,Chicago,IL,60637,(773) 535-0860,http://schoolreports.cps.edu/SchoolProgressReport_Eng/Spring2011Eng_609844.pdf,Burnham Park Elementary Network,SOUTH SIDE COLLABORATIVE,No,Standard,Probation,Level 3,No,Very Weak,13,Average,49,Weak,33,Weak,35,Weak,56,Strong,62,Weak,46,Weak,46,91.20%,27.0,95.90%,100.00%,72.3,46.6,21.8,17.8,50.5,57.6,24.8,24.8,44.9,48.6,13.3,33.3,6.8,5.5,"'-0.2","'-1.2",Yellow,Red,42.4,50,NDA,NDA,NDA,NDA,NDA,NDA,NDA,NDA,NDA,NDA,371,42,NDA,1178101.365,1866810.123,41.78984129,"'-87.62248974",40,WASHINGTON PARK,20,2,"(41.78984129, -87.62248974)"
610088,Wolfgang A Mozart Elementary School,ES,2200 N Hamlin Ave,Chicago,IL,60647,(773) 534-4160,http://schoolreports.cps.edu/SchoolProgressReport_Eng/Spring2011Eng_610088.pdf,Fullerton Elementary Network,NORTH-NORTHWEST SIDE COLLABORATIVE,No,Standard,Not on Probation,Level 2,No,Average,41,NDA,NDA,Average,56,Weak,32,Weak,NDA,NDA,NDA,Average,50,Strong,54,95.20%,3.6,96.40%,100.00%,39.8,10.1,28.7,34.2,51.1,48.2,46.7,32.6,74.7,64,NDA,NDA,12.0,11.0,0.4,0.3,Yellow,Yellow,NDA,NDA,NDA,NDA,NDA,NDA,NDA,NDA,NDA,NDA,NDA,NDA,748,34,NDA,1150644.396,1914368.955,41.92092734,"'-87.72192541",22,LOGAN SQUARE,35,25,"(41.92092734, -87.72192541)"
609977,Woodlawn Community Elementary School,ES,6657 S Kimbark Ave,Chicago,IL,60637,(773) 535-0801,http://schoolreports.cps.edu/SchoolProgressReport_Eng/Spring2011Eng_609977.pdf,Burnham Park Elementary Network,SOUTH SIDE COLLABORATIVE,No,Standard,Not on Probation,Level 2,No,Strong,70,NDA,NDA,Very Strong,80,Strong,66,Weak,NDA,NDA,NDA,Strong,59,Strong,54,93.90%,12.4,94.30%,100.00%,57.7,NDA,43.9,45.8,60,62.4,75,30,88.9,55.6,NDA,NDA,17.5,22.2,0.1,0.0,Yellow,Yellow,NDA,NDA,NDA,NDA,NDA,NDA,NDA,NDA,NDA,NDA,NDA,NDA,238,46,NDA,1185825.188,1860883.579,41.77339962,"'-87.59435584",42,WOODLAWN,5,3,"(41.77339962, -87.59435584)"
610392,World Language Academy High School,HS,3120 S Kostner Ave,Chicago,IL,60623,(773) 535-4334,http://schoolreports.cps.edu/SchoolProgressReport_Eng/Spring2011Eng_610392.pdf,West Side High School Network,WEST SIDE COLLABORATIVE,No,Track_E,Not on Probation,Level 2,No,Average,51,Weak,33,Average,49,Average,47,Weak,49,Average,49,Average,50,Weak,46,91.60%,4.0,96.00%,100.00%,NDA,NDA,NDA,NDA,NDA,NDA,NDA,NDA,NDA,NDA,NDA,NDA,,,,,NDA,NDA,NDA,NDA,12.9,13.4,14.6,14.1,1.2,16.2,1.6,14.6,69.4,48.1,382,37,76,1147521.302,1883405.128,41.83601953,"'-87.73419465",30,SOUTH LAWNDALE,22,10,"(41.83601953, -87.73419465)"
